-1.0 -0.16000003 -0.16000003
-1.0 -0.16000003 0.15999997
-1.0 -0.04000002 0.0
-1.0 0.0 -0.04000002
-1.0 0.03999996 0.0
-1.0 0.15999997 -0.16000003
-1.0 0.15999997 0.15999997
-0.96 -0.36 0.0
-0.96 -0.32 0.0
-0.96 -0.19999999 -0.16000003
-0.96 -0.19999999 0.120000005
-0.96 -0.16000003 -0.16000003
-0.96 -0.16000003 0.120000005
-0.96 -0.120000005 -0.120000005
-0.96 -0.120000005 0.120000005
-0.96 -0.04000002 0.0
-0.96 0.0 -0.36
-0.96 0.0 -0.04000002
-0.96 0.0 0.32000005
-0.96 0.03999996 0.0
-0.96 0.120000005 -0.120000005
-0.96 0.120000005 0.120000005
-0.96 0.15999997 -0.16000003
-0.96 0.15999997 0.120000005
-0.96 0.20000005 -0.16000003
-0.96 0.20000005 0.120000005
-0.96 0.32000005 0.0
-0.96 0.36 0.0
-0.92 -0.36 -0.04000002
-0.92 -0.32 -0.32
-0.92 -0.32 -0.04000002
-0.92 -0.32 0.32000005
-0.92 -0.27999997 0.0
-0.92 -0.19999999 -0.16000003
-0.92 -0.19999999 0.120000005
-0.92 -0.16000003 -0.16000003
-0.92 -0.16000003 0.120000005
-0.92 -0.120000005 -0.16000003
-0.92 -0.120000005 0.08000004
-0.92 -0.04000002 -0.36
-0.92 -0.04000002 -0.04000002
-0.92 -0.04000002 0.32000005
-0.92 0.0 -0.36
-0.92 0.0 -0.04000002
-0.92 0.0 0.27999997
-0.92 0.03999996 -0.36
-0.92 0.03999996 -0.04000002
-0.92 0.03999996 0.32000005
-0.92 0.120000005 -0.16000003
-0.92 0.120000005 0.08000004
-0.92 0.15999997 -0.16000003
-0.92 0.15999997 0.120000005
-0.92 0.20000005 -0.16000003
-0.92 0.20000005 0.120000005
-0.92 0.27999997 0.0
-0.92 0.32000005 -0.32
-0.92 0.32000005 -0.04000002
-0.92 0.32000005 0.32000005
-0.92 0.36 -0.04000002
-0.88 -0.48000002 -0.16000003
-0.88 -0.48000002 0.15999997
-0.88 -0.36 -0.36
-0.88 -0.36 -0.07999998
-0.88 -0.36 0.36
-0.88 -0.32 -0.36
-0.88 -0.32 -0.04000002
-0.88 -0.32 0.32000005
-0.88 -0.27999997 -0.36
-0.88 -0.27999997 -0.04000002
-0.88 -0.27999997 0.32000005
-0.88 -0.19999999 -0.44
-0.88 -0.19999999 -0.19999999
-0.88 -0.19999999 0.44000006
-0.88 -0.16000003 -0.48000002
-0.88 -0.16000003 -0.16000003
-0.88 -0.16000003 0.08000004
-0.88 -0.16000003 0.44000006
-0.88 -0.120000005 -0.44
-0.88 -0.120000005 -0.16000003
-0.88 -0.120000005 0.0
-0.88 -0.120000005 0.120000005
-0.88 -0.120000005 0.44000006
-0.88 -0.07999998 -0.16000003
-0.88 -0.07999998 -0.04000002
-0.88 -0.07999998 0.120000005
-0.88 -0.04000002 -0.36
-0.88 -0.04000002 -0.07999998
-0.88 -0.04000002 0.32000005
-0.88 0.0 -0.36
-0.88 0.0 -0.19999999
-0.88 0.0 -0.120000005
-0.88 0.0 0.20000005
-0.88 0.0 0.27999997
-0.88 0.03999996 -0.36
-0.88 0.03999996 -0.07999998
-0.88 0.03999996 0.32000005
-0.88 0.08000004 -0.16000003
-0.88 0.08000004 -0.04000002
-0.88 0.08000004 0.120000005
-0.88 0.120000005 -0.44
-0.88 0.120000005 -0.16000003
-0.88 0.120000005 0.0
-0.88 0.120000005 0.120000005
-0.88 0.120000005 0.44000006
-0.88 0.15999997 -0.48000002
-0.88 0.15999997 -0.16000003
-0.88 0.15999997 0.08000004
-0.88 0.15999997 0.44000006
-0.88 0.20000005 -0.44
-0.88 0.20000005 -0.19999999
-0.88 0.20000005 0.44000006
-0.88 0.27999997 -0.36
-0.88 0.27999997 -0.04000002
-0.88 0.27999997 0.32000005
-0.88 0.32000005 -0.36
-0.88 0.32000005 -0.04000002
-0.88 0.32000005 0.32000005
-0.88 0.36 -0.36
-0.88 0.36 -0.07999998
-0.88 0.36 0.36
-0.88 0.48000002 -0.16000003
-0.88 0.48000002 0.15999997
-0.84000003 -0.52 -0.16000003
-0.84000003 -0.52 0.120000005
-0.84000003 -0.48000002 -0.19999999
-0.84000003 -0.48000002 0.120000005
-0.84000003 -0.44 -0.16000003
-0.84000003 -0.44 0.120000005
-0.84000003 -0.36 -0.36
-0.84000003 -0.36 0.32000005
-0.84000003 -0.32 -0.36
-0.84000003 -0.32 0.0
-0.84000003 -0.32 0.27999997
-0.84000003 -0.27999997 -0.36
-0.84000003 -0.27999997 -0.07999998
-0.84000003 -0.27999997 0.27999997
-0.84000003 -0.24000001 -0.27999997
-0.84000003 -0.24000001 -0.16000003
-0.84000003 -0.24000001 -0.07999998
-0.84000003 -0.24000001 0.15999997
-0.84000003 -0.24000001 0.24000001
-0.84000003 -0.19999999 -0.44
-0.84000003 -0.19999999 -0.27999997
-0.84000003 -0.19999999 -0.16000003
-0.84000003 -0.19999999 0.24000001
-0.84000003 -0.19999999 0.39999998
-0.84000003 -0.16000003 -0.48000002
-0.84000003 -0.16000003 -0.16000003
-0.84000003 -0.16000003 0.08000004
-0.84000003 -0.16000003 0.36
-0.84000003 -0.120000005 -0.44
-0.84000003 -0.120000005 -0.16000003
-0.84000003 -0.120000005 0.39999998
-0.84000003 -0.07999998 -0.36
-0.84000003 -0.04000002 -0.39999998
-0.84000003 0.0 -0.32
-0.84000003 0.0 -0.120000005
-0.84000003 0.0 0.20000005
-0.84000003 0.03999996 -0.39999998
-0.84000003 0.08000004 -0.36
-0.84000003 0.120000005 -0.44
-0.84000003 0.120000005 -0.16000003
-0.84000003 0.120000005 0.39999998
-0.84000003 0.15999997 -0.48000002
-0.84000003 0.15999997 -0.16000003
-0.84000003 0.15999997 0.08000004
-0.84000003 0.15999997 0.36
-0.84000003 0.20000005 -0.44
-0.84000003 0.20000005 -0.27999997
-0.84000003 0.20000005 -0.16000003
-0.84000003 0.20000005 0.24000001
-0.84000003 0.20000005 0.39999998
-0.84000003 0.24000001 -0.27999997
-0.84000003 0.24000001 -0.16000003
-0.84000003 0.24000001 -0.07999998
-0.84000003 0.24000001 0.15999997
-0.84000003 0.24000001 0.24000001
-0.84000003 0.27999997 -0.36
-0.84000003 0.27999997 -0.07999998
-0.84000003 0.27999997 0.27999997
-0.84000003 0.32000005 -0.36
-0.84000003 0.32000005 0.0
-0.84000003 0.32000005 0.27999997
-0.84000003 0.36 -0.36
-0.84000003 0.36 0.32000005
-0.84000003 0.44000006 -0.16000003
-0.84000003 0.44000006 0.120000005
-0.84000003 0.48000002 -0.19999999
-0.84000003 0.48000002 0.120000005
-0.84000003 0.52 -0.16000003
-0.84000003 0.52 0.120000005
-0.8 -0.52 -0.16000003
-0.8 -0.52 0.15999997
-0.8 -0.48000002 -0.16000003
-0.8 -0.48000002 0.120000005
-0.8 -0.44 -0.44
-0.8 -0.44 -0.16000003
-0.8 -0.44 0.08000004
-0.8 -0.44 0.44000006
-0.8 -0.39999998 -0.120000005
-0.8 -0.39999998 -0.04000002
-0.8 -0.39999998 0.120000005
-0.8 -0.36 -0.16000003
-0.8 -0.36 -0.07999998
-0.8 -0.36 0.15999997
-0.8 -0.32 -0.36
-0.8 -0.32 -0.19999999
-0.8 -0.32 0.32000005
-0.8 -0.27999997 -0.36
-0.8 -0.27999997 -0.120000005
-0.8 -0.27999997 0.20000005
-0.8 -0.24000001 -0.36
-0.8 -0.19999999 -0.44
-0.8 -0.19999999 -0.27999997
-0.8 -0.19999999 0.36
-0.8 -0.16000003 -0.44
-0.8 -0.16000003 -0.27999997
-0.8 -0.16000003 0.36
-0.8 -0.120000005 -0.44
-0.8 -0.07999998 -0.36
-0.8 -0.04000002 -0.36
-0.8 0.0 -0.39999998
-0.8 0.03999996 -0.36
-0.8 0.08000004 -0.36
-0.8 0.120000005 -0.44
-0.8 0.15999997 -0.44
-0.8 0.15999997 -0.27999997
-0.8 0.15999997 0.36
-0.8 0.20000005 -0.44
-0.8 0.20000005 -0.27999997
-0.8 0.20000005 0.36
-0.8 0.24000001 -0.36
-0.8 0.27999997 -0.36
-0.8 0.27999997 -0.120000005
-0.8 0.27999997 0.20000005
-0.8 0.32000005 -0.36
-0.8 0.32000005 -0.19999999
-0.8 0.32000005 0.32000005
-0.8 0.36 -0.16000003
-0.8 0.36 -0.07999998
-0.8 0.36 0.15999997
-0.8 0.39999998 -0.120000005
-0.8 0.39999998 -0.04000002
-0.8 0.39999998 0.120000005
-0.8 0.44000006 -0.44
-0.8 0.44000006 -0.16000003
-0.8 0.44000006 0.08000004
-0.8 0.44000006 0.44000006
-0.8 0.48000002 -0.16000003
-0.8 0.48000002 0.120000005
-0.8 0.52 -0.16000003
-0.8 0.52 0.15999997
-0.76 -0.64 -0.04000002
-0.76 -0.6 -0.04000002
-0.76 -0.52 -0.07999998
-0.76 -0.52 0.08000004
-0.76 -0.48000002 -0.44
-0.76 -0.48000002 -0.19999999
-0.76 -0.48000002 0.0
-0.76 -0.48000002 0.08000004
-0.76 -0.48000002 0.44000006
-0.76 -0.44 -0.48000002
-0.76 -0.44 -0.19999999
-0.76 -0.44 0.08000004
-0.76 -0.44 0.39999998
-0.76 -0.39999998 -0.44
-0.76 -0.39999998 -0.120000005
-0.76 -0.39999998 0.39999998
-0.76 -0.36 -0.36
-0.76 -0.32 -0.32
-0.76 -0.27999997 -0.39999998
-0.76 -0.24000001 -0.36
-0.76 -0.19999999 -0.39999998
-0.76 -0.16000003 -0.44
-0.76 -0.120000005 -0.48000002
-0.76 -0.07999998 -0.39999998
-0.76 -0.04000002 -0.68
-0.76 -0.04000002 -0.39999998
-0.76 -0.04000002 0.64
-0.76 0.0 -0.64
-0.76 0.0 -0.48000002
-0.76 0.0 -0.39999998
-0.76 0.0 0.48000002
-0.76 0.0 0.6
-0.76 0.03999996 -0.68
-0.76 0.03999996 -0.39999998
-0.76 0.03999996 0.64
-0.76 0.08000004 -0.39999998
-0.76 0.120000005 -0.48000002
-0.76 0.15999997 -0.44
-0.76 0.20000005 -0.39999998
-0.76 0.24000001 -0.36
-0.76 0.27999997 -0.39999998
-0.76 0.32000005 -0.32
-0.76 0.36 -0.36
-0.76 0.39999998 -0.44
-0.76 0.39999998 -0.120000005
-0.76 0.39999998 0.39999998
-0.76 0.44000006 -0.48000002
-0.76 0.44000006 -0.19999999
-0.76 0.44000006 0.08000004
-0.76 0.44000006 0.39999998
-0.76 0.48000002 -0.44
-0.76 0.48000002 -0.19999999
-0.76 0.48000002 0.0
-0.76 0.48000002 0.08000004
-0.76 0.48000002 0.44000006
-0.76 0.52 -0.07999998
-0.76 0.52 0.08000004
-0.76 0.6 -0.04000002
-0.76 0.64 -0.04000002
-0.72 -0.64 0.0
-0.72 -0.6 -0.36
-0.72 -0.6 -0.04000002
-0.72 -0.6 0.32000005
-0.72 -0.56 -0.36
-0.72 -0.56 -0.04000002
-0.72 -0.56 0.27999997
-0.72 -0.52 -0.39999998
-0.72 -0.52 -0.04000002
-0.72 -0.52 0.39999998
-0.72 -0.48000002 -0.44
-0.72 -0.48000002 -0.27999997
-0.72 -0.48000002 -0.120000005
-0.72 -0.48000002 0.24000001
-0.72 -0.48000002 0.39999998
-0.72 -0.44 -0.48000002
-0.72 -0.44 -0.19999999
-0.72 -0.44 0.36
-0.72 -0.39999998 -0.44
-0.72 -0.39999998 -0.16000003
-0.72 -0.39999998 0.36
-0.72 -0.36 -0.39999998
-0.72 -0.32 -0.39999998
-0.72 -0.27999997 -0.64
-0.72 -0.27999997 -0.39999998
-0.72 -0.27999997 0.55999994
-0.72 -0.24000001 -0.64
-0.72 -0.24000001 -0.48000002
-0.72 -0.24000001 -0.39999998
-0.72 -0.24000001 0.48000002
-0.72 -0.24000001 0.55999994
-0.72 -0.19999999 -0.56
-0.72 -0.19999999 -0.44
-0.72 -0.19999999 0.52
-0.72 -0.16000003 -0.68
-0.72 -0.16000003 -0.39999998
-0.72 -0.16000003 0.67999995
-0.72 -0.120000005 -0.72
-0.72 -0.120000005 -0.44
-0.72 -0.120000005 0.64
-0.72 -0.07999998 -0.68
-0.72 -0.07999998 -0.52
-0.72 -0.07999998 -0.44
-0.72 -0.07999998 0.52
-0.72 -0.07999998 0.6
-0.72 -0.04000002 -0.64
-0.72 -0.04000002 -0.52
-0.72 -0.04000002 0.6
-0.72 0.0 -0.64
-0.72 0.03999996 -0.64
-0.72 0.03999996 -0.52
-0.72 0.03999996 0.6
-0.72 0.08000004 -0.68
-0.72 0.08000004 -0.52
-0.72 0.08000004 -0.44
-0.72 0.08000004 0.52
-0.72 0.08000004 0.6
-0.72 0.120000005 -0.72
-0.72 0.120000005 -0.44
-0.72 0.120000005 0.64
-0.72 0.15999997 -0.68
-0.72 0.15999997 -0.39999998
-0.72 0.15999997 0.67999995
-0.72 0.20000005 -0.56
-0.72 0.20000005 -0.44
-0.72 0.20000005 0.52
-0.72 0.24000001 -0.64
-0.72 0.24000001 -0.48000002
-0.72 0.24000001 -0.39999998
-0.72 0.24000001 0.48000002
-0.72 0.24000001 0.55999994
-0.72 0.27999997 -0.64
-0.72 0.27999997 -0.39999998
-0.72 0.27999997 0.55999994
-0.72 0.32000005 -0.39999998
-0.72 0.36 -0.39999998
-0.72 0.39999998 -0.44
-0.72 0.39999998 -0.16000003
-0.72 0.39999998 0.36
-0.72 0.44000006 -0.48000002
-0.72 0.44000006 -0.19999999
-0.72 0.44000006 0.36
-0.72 0.48000002 -0.44
-0.72 0.48000002 -0.27999997
-0.72 0.48000002 -0.120000005
-0.72 0.48000002 0.24000001
-0.72 0.48000002 0.39999998
-0.72 0.52 -0.39999998
-0.72 0.52 -0.04000002
-0.72 0.52 0.39999998
-0.72 0.55999994 -0.36
-0.72 0.55999994 -0.04000002
-0.72 0.55999994 0.27999997
-0.72 0.6 -0.36
-0.72 0.6 -0.04000002
-0.72 0.6 0.32000005
-0.72 0.64 0.0
-0.68 -0.64 -0.04000002
-0.68 -0.6 -0.36
-0.68 -0.6 -0.04000002
-0.68 -0.6 0.27999997
-0.68 -0.56 -0.36
-0.68 -0.56 -0.19999999
-0.68 -0.56 -0.120000005
-0.68 -0.56 0.20000005
-0.68 -0.56 0.27999997
-0.68 -0.52 -0.39999998
-0.68 -0.52 -0.16000003
-0.68 -0.52 -0.07999998
-0.68 -0.52 0.15999997
-0.68 -0.52 0.32000005
-0.68 -0.48000002 -0.36
-0.68 -0.44 -0.44
-0.68 -0.39999998 -0.48000002
-0.68 -0.39999998 -0.24000001
-0.68 -0.39999998 0.36
-0.68 -0.36 -0.48000002
-0.68 -0.32 -0.39999998
-0.68 -0.27999997 -0.64
-0.68 -0.27999997 -0.52
-0.68 -0.27999997 -0.39999998
-0.68 -0.27999997 0.48000002
-0.68 -0.27999997 0.6
-0.68 -0.24000001 -0.64
-0.68 -0.19999999 -0.64
-0.68 -0.19999999 -0.52
-0.68 -0.19999999 0.6
-0.68 -0.16000003 -0.68
-0.68 -0.16000003 -0.52
-0.68 -0.16000003 0.64
-0.68 -0.120000005 -0.72
-0.68 -0.120000005 -0.44
-0.68 -0.120000005 0.6
-0.68 -0.07999998 -0.68
-0.68 -0.04000002 -0.64
-0.68 0.0 -0.64
-0.68 0.03999996 -0.64
-0.68 0.08000004 -0.68
-0.68 0.120000005 -0.72
-0.68 0.120000005 -0.44
-0.68 0.120000005 0.6
-0.68 0.15999997 -0.68
-0.68 0.15999997 -0.52
-0.68 0.15999997 0.64
-0.68 0.20000005 -0.64
-0.68 0.20000005 -0.52
-0.68 0.20000005 0.6
-0.68 0.24000001 -0.64
-0.68 0.27999997 -0.64
-0.68 0.27999997 -0.52
-0.68 0.27999997 -0.39999998
-0.68 0.27999997 0.48000002
-0.68 0.27999997 0.6
-0.68 0.32000005 -0.39999998
-0.68 0.36 -0.48000002
-0.68 0.39999998 -0.48000002
-0.68 0.39999998 -0.24000001
-0.68 0.39999998 0.36
-0.68 0.44000006 -0.44
-0.68 0.48000002 -0.36
-0.68 0.52 -0.39999998
-0.68 0.52 -0.16000003
-0.68 0.52 -0.07999998
-0.68 0.52 0.15999997
-0.68 0.52 0.32000005
-0.68 0.55999994 -0.36
-0.68 0.55999994 -0.19999999
-0.68 0.55999994 -0.120000005
-0.68 0.55999994 0.20000005
-0.68 0.55999994 0.27999997
-0.68 0.6 -0.36
-0.68 0.6 -0.04000002
-0.68 0.6 0.27999997
-0.68 0.64 -0.04000002
-0.64 -0.76 -0.16000003
-0.64 -0.76 0.120000005
-0.64 -0.72 -0.16000003
-0.64 -0.72 0.120000005
-0.64 -0.68 -0.120000005
-0.64 -0.68 0.120000005
-0.64 -0.64 -0.07999998
-0.64 -0.64 0.0
-0.64 -0.64 0.08000004
-0.64 -0.6 -0.36
-0.64 -0.6 -0.16000003
-0.64 -0.6 -0.07999998
-0.64 -0.6 0.15999997
-0.64 -0.6 0.24000001
-0.64 -0.56 -0.36
-0.64 -0.56 -0.120000005
-0.64 -0.56 0.20000005
-0.64 -0.52 -0.32
-0.64 -0.48000002 -0.36
-0.64 -0.44 -0.44
-0.64 -0.39999998 -0.39999998
-0.64 -0.36 -0.72
-0.64 -0.36 -0.44
-0.64 -0.36 0.67999995
-0.64 -0.32 -0.68
-0.64 -0.32 -0.52
-0.64 -0.32 0.64
-0.64 -0.27999997 -0.64
-0.64 -0.27999997 -0.52
-0.64 -0.27999997 0.6
-0.64 -0.24000001 -0.64
-0.64 -0.19999999 -0.64
-0.64 -0.16000003 -0.68
-0.64 -0.120000005 -0.72
-0.64 -0.07999998 -0.72
-0.64 -0.04000002 -0.64
-0.64 0.0 -0.64
-0.64 0.03999996 -0.64
-0.64 0.08000004 -0.72
-0.64 0.120000005 -0.72
-0.64 0.15999997 -0.68
-0.64 0.20000005 -0.64
-0.64 0.24000001 -0.64
-0.64 0.27999997 -0.64
-0.64 0.27999997 -0.52
-0.64 0.27999997 0.6
-0.64 0.32000005 -0.68
-0.64 0.32000005 -0.52
-0.64 0.32000005 0.64
-0.64 0.36 -0.72
-0.64 0.36 -0.44
-0.64 0.36 0.67999995
-0.64 0.39999998 -0.39999998
-0.64 0.44000006 -0.44
-0.64 0.48000002 -0.36
-0.64 0.52 -0.32
-0.64 0.55999994 -0.36
-0.64 0.55999994 -0.120000005
-0.64 0.55999994 0.20000005
-0.64 0.6 -0.36
-0.64 0.6 -0.16000003
-0.64 0.6 -0.07999998
-0.64 0.6 0.15999997
-0.64 0.6 0.24000001
-0.64 0.64 -0.07999998
-0.64 0.64 0.0
-0.64 0.64 0.08000004
-0.64 0.67999995 -0.120000005
-0.64 0.67999995 0.120000005
-0.64 0.72 -0.16000003
-0.64 0.72 0.120000005
-0.64 0.76 -0.16000003
-0.64 0.76 0.120000005
-0.6 -0.76 -0.16000003
-0.6 -0.76 0.120000005
-0.6 -0.72 -0.19999999
-0.6 -0.72 0.120000005
-0.6 -0.68 -0.44
-0.6 -0.68 -0.16000003
-0.6 -0.68 0.120000005
-0.6 -0.68 0.44000006
-0.6 -0.64 -0.44
-0.6 -0.64 -0.19999999
-0.6 -0.64 -0.120000005
-0.6 -0.64 0.20000005
-0.6 -0.64 0.36
-0.6 -0.6 -0.32
-0.6 -0.6 -0.24000001
-0.6 -0.6 -0.16000003
-0.6 -0.6 0.24000001
-0.6 -0.6 0.32000005
-0.6 -0.56 -0.32
-0.6 -0.52 -0.64
-0.6 -0.52 -0.39999998
-0.6 -0.52 0.64
-0.6 -0.48000002 -0.64
-0.6 -0.48000002 -0.36
-0.6 -0.48000002 0.6
-0.6 -0.44 -0.68
-0.6 -0.44 -0.52
-0.6 -0.44 -0.44
-0.6 -0.44 0.52
-0.6 -0.44 0.6
-0.6 -0.39999998 -0.72
-0.6 -0.39999998 -0.52
-0.6 -0.39999998 0.6
-0.6 -0.36 -0.72
-0.6 -0.36 -0.44
-0.6 -0.36 0.64
-0.6 -0.32 -0.72
-0.6 -0.32 -0.52
-0.6 -0.32 0.6
-0.6 -0.27999997 -0.64
-0.6 -0.24000001 -0.6
-0.6 -0.19999999 -0.64
-0.6 -0.16000003 -0.68
-0.6 -0.120000005 -0.64
-0.6 -0.07999998 -0.64
-0.6 -0.04000002 -0.64
-0.6 0.0 -0.64
-0.6 0.03999996 -0.64
-0.6 0.08000004 -0.64
-0.6 0.120000005 -0.64
-0.6 0.15999997 -0.68
-0.6 0.20000005 -0.64
-0.6 0.24000001 -0.6
-0.6 0.27999997 -0.64
-0.6 0.32000005 -0.72
-0.6 0.32000005 -0.52
-0.6 0.32000005 0.6
-0.6 0.36 -0.72
-0.6 0.36 -0.44
-0.6 0.36 0.64
-0.6 0.39999998 -0.72
-0.6 0.39999998 -0.52
-0.6 0.39999998 0.6
-0.6 0.44000006 -0.68
-0.6 0.44000006 -0.52
-0.6 0.44000006 -0.44
-0.6 0.44000006 0.52
-0.6 0.44000006 0.6
-0.6 0.48000002 -0.64
-0.6 0.48000002 -0.36
-0.6 0.48000002 0.6
-0.6 0.52 -0.64
-0.6 0.52 -0.39999998
-0.6 0.52 0.64
-0.6 0.55999994 -0.32
-0.6 0.6 -0.32
-0.6 0.6 -0.24000001
-0.6 0.6 -0.16000003
-0.6 0.6 0.24000001
-0.6 0.6 0.32000005
-0.6 0.64 -0.44
-0.6 0.64 -0.19999999
-0.6 0.64 -0.120000005
-0.6 0.64 0.20000005
-0.6 0.64 0.36
-0.6 0.67999995 -0.44
-0.6 0.67999995 -0.16000003
-0.6 0.67999995 0.120000005
-0.6 0.67999995 0.44000006
-0.6 0.72 -0.19999999
-0.6 0.72 0.120000005
-0.6 0.76 -0.16000003
-0.6 0.76 0.120000005
-0.56 -0.76 -0.120000005
-0.56 -0.76 0.120000005
-0.56 -0.72 -0.44
-0.56 -0.72 -0.16000003
-0.56 -0.72 0.08000004
-0.56 -0.72 0.44000006
-0.56 -0.68 -0.48000002
-0.56 -0.68 -0.19999999
-0.56 -0.68 0.08000004
-0.56 -0.68 0.39999998
-0.56 -0.64 -0.48000002
-0.56 -0.64 -0.16000003
-0.56 -0.64 0.39999998
-0.56 -0.6 -0.48000002
-0.56 -0.6 -0.27999997
-0.56 -0.6 0.36
-0.56 -0.56 -0.39999998
-0.56 -0.52 -0.68
-0.56 -0.52 -0.39999998
-0.56 -0.52 0.64
-0.56 -0.48000002 -0.64
-0.56 -0.48000002 -0.48000002
-0.56 -0.48000002 -0.39999998
-0.56 -0.48000002 0.48000002
-0.56 -0.48000002 0.55999994
-0.56 -0.44 -0.64
-0.56 -0.39999998 -0.64
-0.56 -0.39999998 -0.52
-0.56 -0.39999998 0.6
-0.56 -0.36 -0.68
-0.56 -0.32 -0.72
-0.56 -0.27999997 -0.64
-0.56 -0.24000001 -0.64
-0.56 -0.19999999 -0.64
-0.56 -0.16000003 -0.64
-0.56 -0.120000005 -0.6
-0.56 -0.07999998 -0.6
-0.56 -0.04000002 -0.64
-0.56 0.0 -0.64
-0.56 0.03999996 -0.64
-0.56 0.08000004 -0.6
-0.56 0.120000005 -0.6
-0.56 0.15999997 -0.64
-0.56 0.20000005 -0.64
-0.56 0.24000001 -0.64
-0.56 0.27999997 -0.64
-0.56 0.32000005 -0.72
-0.56 0.36 -0.68
-0.56 0.39999998 -0.64
-0.56 0.39999998 -0.52
-0.56 0.39999998 0.6
-0.56 0.44000006 -0.64
-0.56 0.48000002 -0.64
-0.56 0.48000002 -0.48000002
-0.56 0.48000002 -0.39999998
-0.56 0.48000002 0.48000002
-0.56 0.48000002 0.55999994
-0.56 0.52 -0.68
-0.56 0.52 -0.39999998
-0.56 0.52 0.64
-0.56 0.55999994 -0.39999998
-0.56 0.6 -0.48000002
-0.56 0.6 -0.27999997
-0.56 0.6 0.36
-0.56 0.64 -0.48000002
-0.56 0.64 -0.16000003
-0.56 0.64 0.39999998
-0.56 0.67999995 -0.48000002
-0.56 0.67999995 -0.19999999
-0.56 0.67999995 0.08000004
-0.56 0.67999995 0.39999998
-0.56 0.72 -0.44
-0.56 0.72 -0.16000003
-0.56 0.72 0.08000004
-0.56 0.72 0.44000006
-0.56 0.76 -0.120000005
-0.56 0.76 0.120000005
-0.52 -0.88 0.0
-0.52 -0.84000003 0.0
-0.52 -0.8 -0.04000002
-0.52 -0.72 -0.39999998
-0.52 -0.72 -0.120000005
-0.52 -0.72 -0.04000002
-0.52 -0.72 0.120000005
-0.52 -0.72 0.39999998
-0.52 -0.68 -0.44
-0.52 -0.68 -0.27999997
-0.52 -0.68 -0.16000003
-0.52 -0.68 0.27999997
-0.52 -0.68 0.39999998
-0.52 -0.64 -0.44
-0.52 -0.64 -0.16000003
-0.52 -0.64 0.36
-0.52 -0.6 -0.48000002
-0.52 -0.56 -0.39999998
-0.52 -0.52 -0.64
-0.52 -0.52 -0.52
-0.52 -0.52 -0.44
-0.52 -0.52 0.52
-0.52 -0.52 0.64
-0.52 -0.48000002 -0.68
-0.52 -0.44 -0.64
-0.52 -0.39999998 -0.6
-0.52 -0.36 -0.68
-0.52 -0.32 -0.64
-0.52 -0.27999997 -0.64
-0.52 -0.24000001 -0.64
-0.52 -0.19999999 -0.64
-0.52 -0.16000003 -0.72
-0.52 -0.16000003 -0.64
-0.52 -0.16000003 0.72
-0.52 -0.120000005 -0.64
-0.52 -0.07999998 -0.6
-0.52 -0.04000002 -0.76
-0.52 -0.04000002 -0.68
-0.52 -0.04000002 0.76
-0.52 0.0 -0.88
-0.52 0.0 -0.72
-0.52 0.0 0.79999995
-0.52 0.03999996 -0.76
-0.52 0.03999996 -0.68
-0.52 0.03999996 0.76
-0.52 0.08000004 -0.6
-0.52 0.120000005 -0.64
-0.52 0.15999997 -0.72
-0.52 0.15999997 -0.64
-0.52 0.15999997 0.72
-0.52 0.20000005 -0.64
-0.52 0.24000001 -0.64
-0.52 0.27999997 -0.64
-0.52 0.32000005 -0.64
-0.52 0.36 -0.68
-0.52 0.39999998 -0.6
-0.52 0.44000006 -0.64
-0.52 0.48000002 -0.68
-0.52 0.52 -0.64
-0.52 0.52 -0.52
-0.52 0.52 -0.44
-0.52 0.52 0.52
-0.52 0.52 0.64
-0.52 0.55999994 -0.39999998
-0.52 0.6 -0.48000002
-0.52 0.64 -0.44
-0.52 0.64 -0.16000003
-0.52 0.64 0.36
-0.52 0.67999995 -0.44
-0.52 0.67999995 -0.27999997
-0.52 0.67999995 -0.16000003
-0.52 0.67999995 0.27999997
-0.52 0.67999995 0.39999998
-0.52 0.72 -0.39999998
-0.52 0.72 -0.120000005
-0.52 0.72 -0.04000002
-0.52 0.72 0.120000005
-0.52 0.72 0.39999998
-0.52 0.79999995 -0.04000002
-0.52 0.84000003 0.0
-0.52 0.88 0.0
-0.48000002 -0.88 0.0
-0.48000002 -0.84000003 -0.36
-0.48000002 -0.84000003 -0.04000002
-0.48000002 -0.84000003 0.32000005
-0.48000002 -0.8 -0.36
-0.48000002 -0.8 -0.04000002
-0.48000002 -0.8 0.27999997
-0.48000002 -0.76 -0.36
-0.48000002 -0.76 0.27999997
-0.48000002 -0.72 -0.36
-0.48000002 -0.72 -0.16000003
-0.48000002 -0.72 0.24000001
-0.48000002 -0.68 -0.32
-0.48000002 -0.64 -0.39999998
-0.48000002 -0.6 -0.48000002
-0.48000002 -0.56 -0.72
-0.48000002 -0.56 -0.44
-0.48000002 -0.56 0.67999995
-0.48000002 -0.52 -0.72
-0.48000002 -0.52 -0.48000002
-0.48000002 -0.52 0.64
-0.48000002 -0.48000002 -0.64
-0.48000002 -0.44 -0.6
-0.48000002 -0.39999998 -0.64
-0.48000002 -0.36 -0.64
-0.48000002 -0.32 -0.64
-0.48000002 -0.27999997 -0.64
-0.48000002 -0.24000001 -0.6
-0.48000002 -0.19999999 -0.84000003
-0.48000002 -0.19999999 -0.72
-0.48000002 -0.19999999 0.84000003
-0.48000002 -0.16000003 -0.88
-0.48000002 -0.16000003 -0.72
-0.48000002 -0.16000003 0.79999995
-0.48000002 -0.120000005 -0.88
-0.48000002 -0.120000005 -0.72
-0.48000002 -0.120000005 0.84000003
-0.48000002 -0.07999998 -0.88
-0.48000002 -0.07999998 -0.8
-0.48000002 -0.07999998 -0.64
-0.48000002 -0.07999998 0.79999995
-0.48000002 -0.07999998 0.88
-0.48000002 -0.04000002 -0.88
-0.48000002 -0.04000002 -0.72
-0.48000002 -0.04000002 0.79999995
-0.48000002 0.0 -0.88
-0.48000002 0.0 -0.72
-0.48000002 0.0 0.79999995
-0.48000002 0.03999996 -0.88
-0.48000002 0.03999996 -0.72
-0.48000002 0.03999996 0.79999995
-0.48000002 0.08000004 -0.88
-0.48000002 0.08000004 -0.8
-0.48000002 0.08000004 -0.64
-0.48000002 0.08000004 0.79999995
-0.48000002 0.08000004 0.88
-0.48000002 0.120000005 -0.88
-0.48000002 0.120000005 -0.72
-0.48000002 0.120000005 0.84000003
-0.48000002 0.15999997 -0.88
-0.48000002 0.15999997 -0.72
-0.48000002 0.15999997 0.79999995
-0.48000002 0.20000005 -0.84000003
-0.48000002 0.20000005 -0.72
-0.48000002 0.20000005 0.84000003
-0.48000002 0.24000001 -0.6
-0.48000002 0.27999997 -0.64
-0.48000002 0.32000005 -0.64
-0.48000002 0.36 -0.64
-0.48000002 0.39999998 -0.64
-0.48000002 0.44000006 -0.6
-0.48000002 0.48000002 -0.64
-0.48000002 0.52 -0.72
-0.48000002 0.52 -0.48000002
-0.48000002 0.52 0.64
-0.48000002 0.55999994 -0.72
-0.48000002 0.55999994 -0.44
-0.48000002 0.55999994 0.67999995
-0.48000002 0.6 -0.48000002
-0.48000002 0.64 -0.39999998
-0.48000002 0.67999995 -0.32
-0.48000002 0.72 -0.36
-0.48000002 0.72 -0.16000003
-0.48000002 0.72 0.24000001
-0.48000002 0.76 -0.36
-0.48000002 0.76 0.27999997
-0.48000002 0.79999995 -0.36
-0.48000002 0.79999995 -0.04000002
-0.48000002 0.79999995 0.27999997
-0.48000002 0.84000003 -0.36
-0.48000002 0.84000003 -0.04000002
-0.48000002 0.84000003 0.32000005
-0.48000002 0.88 0.0
-0.44 -0.88 -0.04000002
-0.44 -0.88 0.03999996
-0.44 -0.84000003 -0.04000002
-0.44 -0.8 -0.36
-0.44 -0.8 -0.04000002
-0.44 -0.8 0.32000005
-0.44 -0.76 -0.36
-0.44 -0.76 -0.19999999
-0.44 -0.76 -0.07999998
-0.44 -0.76 0.20000005
-0.44 -0.76 0.27999997
-0.44 -0.72 -0.36
-0.44 -0.72 -0.120000005
-0.44 -0.72 0.20000005
-0.44 -0.68 -0.36
-0.44 -0.64 -0.44
-0.44 -0.6 -0.64
-0.44 -0.6 -0.52
-0.44 -0.6 -0.44
-0.44 -0.6 0.52
-0.44 -0.6 0.64
-0.44 -0.56 -0.72
-0.44 -0.56 -0.44
-0.44 -0.56 0.64
-0.44 -0.52 -0.72
-0.44 -0.52 -0.44
-0.44 -0.52 0.6
-0.44 -0.48000002 -0.68
-0.44 -0.44 -0.68
-0.44 -0.39999998 -0.64
-0.44 -0.36 -0.64
-0.44 -0.32 -0.72
-0.44 -0.32 -0.6
-0.44 -0.32 0.72
-0.44 -0.27999997 -0.64
-0.44 -0.24000001 -0.68
-0.44 -0.19999999 -0.88
-0.44 -0.19999999 -0.72
-0.44 -0.19999999 0.79999995
-0.44 -0.16000003 -0.88
-0.44 -0.120000005 -0.88
-0.44 -0.07999998 -0.92
-0.44 -0.07999998 -0.72
-0.44 -0.07999998 0.79999995
-0.44 -0.04000002 -0.88
-0.44 0.0 -0.84000003
-0.44 0.03999996 -0.88
-0.44 0.08000004 -0.92
-0.44 0.08000004 -0.72
-0.44 0.08000004 0.79999995
-0.44 0.120000005 -0.88
-0.44 0.15999997 -0.88
-0.44 0.20000005 -0.88
-0.44 0.20000005 -0.72
-0.44 0.20000005 0.79999995
-0.44 0.24000001 -0.68
-0.44 0.27999997 -0.64
-0.44 0.32000005 -0.72
-0.44 0.32000005 -0.6
-0.44 0.32000005 0.72
-0.44 0.36 -0.64
-0.44 0.39999998 -0.64
-0.44 0.44000006 -0.68
-0.44 0.48000002 -0.68
-0.44 0.52 -0.72
-0.44 0.52 -0.44
-0.44 0.52 0.6
-0.44 0.55999994 -0.72
-0.44 0.55999994 -0.44
-0.44 0.55999994 0.64
-0.44 0.6 -0.64
-0.44 0.6 -0.52
-0.44 0.6 -0.44
-0.44 0.6 0.52
-0.44 0.6 0.64
-0.44 0.64 -0.44
-0.44 0.67999995 -0.36
-0.44 0.72 -0.36
-0.44 0.72 -0.120000005
-0.44 0.72 0.20000005
-0.44 0.76 -0.36
-0.44 0.76 -0.19999999
-0.44 0.76 -0.07999998
-0.44 0.76 0.20000005
-0.44 0.76 0.27999997
-0.44 0.79999995 -0.36
-0.44 0.79999995 -0.04000002
-0.44 0.79999995 0.32000005
-0.44 0.84000003 -0.04000002
-0.44 0.88 -0.04000002
-0.44 0.88 0.03999996
-0.39999998 -0.8 -0.36
-0.39999998 -0.8 0.0
-0.39999998 -0.8 0.36
-0.39999998 -0.76 -0.39999998
-0.39999998 -0.76 -0.19999999
-0.39999998 -0.76 -0.07999998
-0.39999998 -0.76 0.15999997
-0.39999998 -0.76 0.32000005
-0.39999998 -0.72 -0.32
-0.39999998 -0.68 -0.64
-0.39999998 -0.68 -0.39999998
-0.39999998 -0.68 0.64
-0.39999998 -0.64 -0.64
-0.39999998 -0.64 -0.48000002
-0.39999998 -0.64 -0.39999998
-0.39999998 -0.64 0.48000002
-0.39999998 -0.64 0.6
-0.39999998 -0.6 -0.64
-0.39999998 -0.6 -0.52
-0.39999998 -0.6 0.6
-0.39999998 -0.56 -0.68
-0.39999998 -0.52 -0.72
-0.39999998 -0.48000002 -0.68
-0.39999998 -0.44 -0.6
-0.39999998 -0.39999998 -0.6
-0.39999998 -0.36 -0.72
-0.39999998 -0.36 -0.6
-0.39999998 -0.36 0.67999995
-0.39999998 -0.32 -0.88
-0.39999998 -0.27999997 -0.88
-0.39999998 -0.27999997 -0.72
-0.39999998 -0.27999997 0.79999995
-0.39999998 -0.24000001 -0.92
-0.39999998 -0.19999999 -0.88
-0.39999998 -0.16000003 -0.88
-0.39999998 -0.120000005 -0.84000003
-0.39999998 -0.07999998 -0.88
-0.39999998 -0.04000002 -0.84000003
-0.39999998 0.0 -0.8
-0.39999998 0.03999996 -0.84000003
-0.39999998 0.08000004 -0.88
-0.39999998 0.120000005 -0.84000003
-0.39999998 0.15999997 -0.88
-0.39999998 0.20000005 -0.88
-0.39999998 0.24000001 -0.92
-0.39999998 0.27999997 -0.88
-0.39999998 0.27999997 -0.72
-0.39999998 0.27999997 0.79999995
-0.39999998 0.32000005 -0.88
-0.39999998 0.36 -0.72
-0.39999998 0.36 -0.6
-0.39999998 0.36 0.67999995
-0.39999998 0.39999998 -0.6
-0.39999998 0.44000006 -0.6
-0.39999998 0.48000002 -0.68
-0.39999998 0.52 -0.72
-0.39999998 0.55999994 -0.68
-0.39999998 0.6 -0.64
-0.39999998 0.6 -0.52
-0.39999998 0.6 0.6
-0.39999998 0.64 -0.64
-0.39999998 0.64 -0.48000002
-0.39999998 0.64 -0.39999998
-0.39999998 0.64 0.48000002
-0.39999998 0.64 0.6
-0.39999998 0.67999995 -0.64
-0.39999998 0.67999995 -0.39999998
-0.39999998 0.67999995 0.64
-0.39999998 0.72 -0.32
-0.39999998 0.76 -0.39999998
-0.39999998 0.76 -0.19999999
-0.39999998 0.76 -0.07999998
-0.39999998 0.76 0.15999997
-0.39999998 0.76 0.32000005
-0.39999998 0.79999995 -0.36
-0.39999998 0.79999995 0.0
-0.39999998 0.79999995 0.36
-0.36 -0.92 -0.16000003
-0.36 -0.92 0.15999997
-0.36 -0.88 -0.16000003
-0.36 -0.88 0.120000005
-0.36 -0.84000003 -0.120000005
-0.36 -0.84000003 0.08000004
-0.36 -0.8 -0.120000005
-0.36 -0.76 -0.36
-0.36 -0.76 -0.24000001
-0.36 -0.76 0.32000005
-0.36 -0.72 -0.36
-0.36 -0.68 -0.64
-0.36 -0.68 -0.39999998
-0.36 -0.68 0.6
-0.36 -0.64 -0.64
-0.36 -0.64 -0.48000002
-0.36 -0.64 0.55999994
-0.36 -0.6 -0.64
-0.36 -0.56 -0.6
-0.36 -0.52 -0.68
-0.36 -0.48000002 -0.68
-0.36 -0.44 -0.6
-0.36 -0.39999998 -0.6
-0.36 -0.36 -0.84000003
-0.36 -0.36 -0.72
-0.36 -0.36 0.84000003
-0.36 -0.32 -0.88
-0.36 -0.27999997 -0.88
-0.36 -0.24000001 -0.88
-0.36 -0.19999999 -0.88
-0.36 -0.16000003 -0.84000003
-0.36 -0.120000005 -0.8
-0.36 -0.07999998 -0.8
-0.36 -0.04000002 -0.8
-0.36 0.0 -0.8
-0.36 0.03999996 -0.8
-0.36 0.08000004 -0.8
-0.36 0.120000005 -0.8
-0.36 0.15999997 -0.84000003
-0.36 0.20000005 -0.88
-0.36 0.24000001 -0.88
-0.36 0.27999997 -0.88
-0.36 0.32000005 -0.88
-0.36 0.36 -0.84000003
-0.36 0.36 -0.72
-0.36 0.36 0.84000003
-0.36 0.39999998 -0.6
-0.36 0.44000006 -0.6
-0.36 0.48000002 -0.68
-0.36 0.52 -0.68
-0.36 0.55999994 -0.6
-0.36 0.6 -0.64
-0.36 0.64 -0.64
-0.36 0.64 -0.48000002
-0.36 0.64 0.55999994
-0.36 0.67999995 -0.64
-0.36 0.67999995 -0.39999998
-0.36 0.67999995 0.6
-0.36 0.72 -0.36
-0.36 0.76 -0.36
-0.36 0.76 -0.24000001
-0.36 0.76 0.32000005
-0.36 0.79999995 -0.120000005
-0.36 0.84000003 -0.120000005
-0.36 0.84000003 0.08000004
-0.36 0.88 -0.16000003
-0.36 0.88 0.120000005
-0.36 0.91999996 -0.16000003
-0.36 0.91999996 0.15999997
-0.32 -0.92 -0.16000003
-0.32 -0.92 0.120000005
-0.32 -0.88 -0.19999999
-0.32 -0.88 0.120000005
-0.32 -0.84000003 -0.48000002
-0.32 -0.84000003 -0.16000003
-0.32 -0.84000003 0.08000004
-0.32 -0.84000003 0.44000006
-0.32 -0.8 -0.48000002
-0.32 -0.8 -0.16000003
-0.32 -0.8 0.39999998
-0.32 -0.76 -0.48000002
-0.32 -0.76 -0.39999998
-0.32 -0.76 -0.27999997
-0.32 -0.76 0.36
-0.32 -0.76 0.48000002
-0.32 -0.72 -0.39999998
-0.32 -0.68 -0.52
-0.32 -0.68 -0.44
-0.32 -0.68 0.52
-0.32 -0.64 -0.64
-0.32 -0.64 -0.52
-0.32 -0.64 0.6
-0.32 -0.6 -0.64
-0.32 -0.56 -0.6
-0.32 -0.52 -0.64
-0.32 -0.48000002 -0.64
-0.32 -0.44 -0.6
-0.32 -0.39999998 -0.64
-0.32 -0.36 -0.88
-0.32 -0.36 -0.72
-0.32 -0.36 0.79999995
-0.32 -0.32 -0.88
-0.32 -0.27999997 -0.8
-0.32 -0.24000001 -0.8
-0.32 -0.19999999 -0.84000003
-0.32 -0.16000003 -0.8
-0.32 -0.120000005 -0.8
-0.32 -0.07999998 -0.76
-0.32 -0.04000002 -0.76
-0.32 0.0 -0.8
-0.32 0.03999996 -0.76
-0.32 0.08000004 -0.76
-0.32 0.120000005 -0.8
-0.32 0.15999997 -0.8
-0.32 0.20000005 -0.84000003
-0.32 0.24000001 -0.8
-0.32 0.27999997 -0.8
-0.32 0.32000005 -0.88
-0.32 0.36 -0.88
-0.32 0.36 -0.72
-0.32 0.36 0.79999995
-0.32 0.39999998 -0.64
-0.32 0.44000006 -0.6
-0.32 0.48000002 -0.64
-0.32 0.52 -0.64
-0.32 0.55999994 -0.6
-0.32 0.6 -0.64
-0.32 0.64 -0.64
-0.32 0.64 -0.52
-0.32 0.64 0.6
-0.32 0.67999995 -0.52
-0.32 0.67999995 -0.44
-0.32 0.67999995 0.52
-0.32 0.72 -0.39999998
-0.32 0.76 -0.48000002
-0.32 0.76 -0.39999998
-0.32 0.76 -0.27999997
-0.32 0.76 0.36
-0.32 0.76 0.48000002
-0.32 0.79999995 -0.48000002
-0.32 0.79999995 -0.16000003
-0.32 0.79999995 0.39999998
-0.32 0.84000003 -0.48000002
-0.32 0.84000003 -0.16000003
-0.32 0.84000003 0.08000004
-0.32 0.84000003 0.44000006
-0.32 0.88 -0.19999999
-0.32 0.88 0.120000005
-0.32 0.91999996 -0.16000003
-0.32 0.91999996 0.120000005
-0.27999997 -0.92 -0.16000003
-0.27999997 -0.92 0.120000005
-0.27999997 -0.88 -0.16000003
-0.27999997 -0.88 0.08000004
-0.27999997 -0.84000003 -0.48000002
-0.27999997 -0.84000003 -0.19999999
-0.27999997 -0.84000003 0.08000004
-0.27999997 -0.84000003 0.39999998
-0.27999997 -0.8 -0.48000002
-0.27999997 -0.8 -0.19999999
-0.27999997 -0.8 0.08000004
-0.27999997 -0.8 0.36
-0.27999997 -0.76 -0.44
-0.27999997 -0.76 -0.16000003
-0.27999997 -0.76 0.36
-0.27999997 -0.72 -0.44
-0.27999997 -0.68 -0.68
-0.27999997 -0.68 -0.39999998
-0.27999997 -0.68 0.67999995
-0.27999997 -0.64 -0.68
-0.27999997 -0.64 -0.52
-0.27999997 -0.64 0.6
-0.27999997 -0.6 -0.64
-0.27999997 -0.56 -0.68
-0.27999997 -0.52 -0.64
-0.27999997 -0.48000002 -0.64
-0.27999997 -0.44 -0.84000003
-0.27999997 -0.44 -0.72
-0.27999997 -0.44 0.84000003
-0.27999997 -0.39999998 -0.88
-0.27999997 -0.39999998 -0.72
-0.27999997 -0.39999998 0.79999995
-0.27999997 -0.36 -0.88
-0.27999997 -0.32 -0.88
-0.27999997 -0.27999997 -0.8
-0.27999997 -0.24000001 -0.8
-0.27999997 -0.19999999 -0.8
-0.27999997 -0.16000003 -0.76
-0.27999997 -0.120000005 -0.76
-0.27999997 -0.07999998 -0.76
-0.27999997 -0.04000002 -0.76
-0.27999997 0.0 -0.76
-0.27999997 0.03999996 -0.76
-0.27999997 0.08000004 -0.76
-0.27999997 0.120000005 -0.76
-0.27999997 0.15999997 -0.76
-0.27999997 0.20000005 -0.8
-0.27999997 0.24000001 -0.8
-0.27999997 0.27999997 -0.8
-0.27999997 0.32000005 -0.88
-0.27999997 0.36 -0.88
-0.27999997 0.39999998 -0.88
-0.27999997 0.39999998 -0.72
-0.27999997 0.39999998 0.79999995
-0.27999997 0.44000006 -0.84000003
-0.27999997 0.44000006 -0.72
-0.27999997 0.44000006 0.84000003
-0.27999997 0.48000002 -0.64
-0.27999997 0.52 -0.64
-0.27999997 0.55999994 -0.68
-0.27999997 0.6 -0.64
-0.27999997 0.64 -0.68
-0.27999997 0.64 -0.52
-0.27999997 0.64 0.6
-0.27999997 0.67999995 -0.68
-0.27999997 0.67999995 -0.39999998
-0.27999997 0.67999995 0.67999995
-0.27999997 0.72 -0.44
-0.27999997 0.76 -0.44
-0.27999997 0.76 -0.16000003
-0.27999997 0.76 0.36
-0.27999997 0.79999995 -0.48000002
-0.27999997 0.79999995 -0.19999999
-0.27999997 0.79999995 0.08000004
-0.27999997 0.79999995 0.36
-0.27999997 0.84000003 -0.48000002
-0.27999997 0.84000003 -0.19999999
-0.27999997 0.84000003 0.08000004
-0.27999997 0.84000003 0.39999998
-0.27999997 0.88 -0.16000003
-0.27999997 0.88 0.08000004
-0.27999997 0.91999996 -0.16000003
-0.27999997 0.91999996 0.120000005
-0.24000001 -0.92 0.0
-0.24000001 -0.88 -0.04000002
-0.24000001 -0.88 0.03999996
-0.24000001 -0.84000003 -0.39999998
-0.24000001 -0.84000003 -0.24000001
-0.24000001 -0.84000003 -0.16000003
-0.24000001 -0.84000003 0.24000001
-0.24000001 -0.84000003 0.36
-0.24000001 -0.8 -0.44
-0.24000001 -0.8 -0.27999997
-0.24000001 -0.8 -0.19999999
-0.24000001 -0.8 0.27999997
-0.24000001 -0.8 0.36
-0.24000001 -0.76 -0.44
-0.24000001 -0.72 -0.44
-0.24000001 -0.68 -0.72
-0.24000001 -0.68 -0.39999998
-0.24000001 -0.68 0.67999995
-0.24000001 -0.64 -0.72
-0.24000001 -0.64 -0.44
-0.24000001 -0.64 0.64
-0.24000001 -0.6 -0.68
-0.24000001 -0.56 -0.64
-0.24000001 -0.52 -0.64
-0.24000001 -0.48000002 -0.72
-0.24000001 -0.48000002 -0.64
-0.24000001 -0.48000002 0.72
-0.24000001 -0.44 -0.88
-0.24000001 -0.44 -0.72
-0.24000001 -0.44 0.79999995
-0.24000001 -0.39999998 -0.88
-0.24000001 -0.36 -0.88
-0.24000001 -0.32 -0.84000003
-0.24000001 -0.27999997 -0.8
-0.24000001 -0.24000001 -0.8
-0.24000001 -0.19999999 -0.8
-0.24000001 -0.16000003 -0.76
-0.24000001 -0.120000005 -0.8
-0.24000001 -0.07999998 -0.88
-0.24000001 -0.07999998 -0.8
-0.24000001 -0.07999998 0.88
-0.24000001 -0.04000002 -0.76
-0.24000001 0.0 -0.92
-0.24000001 0.0 -0.84000003
-0.24000001 0.0 0.91999996
-0.24000001 0.03999996 -0.76
-0.24000001 0.08000004 -0.88
-0.24000001 0.08000004 -0.8
-0.24000001 0.08000004 0.88
-0.24000001 0.120000005 -0.8
-0.24000001 0.15999997 -0.76
-0.24000001 0.20000005 -0.8
-0.24000001 0.24000001 -0.8
-0.24000001 0.27999997 -0.8
-0.24000001 0.32000005 -0.84000003
-0.24000001 0.36 -0.88
-0.24000001 0.39999998 -0.88
-0.24000001 0.44000006 -0.88
-0.24000001 0.44000006 -0.72
-0.24000001 0.44000006 0.79999995
-0.24000001 0.48000002 -0.72
-0.24000001 0.48000002 -0.64
-0.24000001 0.48000002 0.72
-0.24000001 0.52 -0.64
-0.24000001 0.55999994 -0.64
-0.24000001 0.6 -0.68
-0.24000001 0.64 -0.72
-0.24000001 0.64 -0.44
-0.24000001 0.64 0.64
-0.24000001 0.67999995 -0.72
-0.24000001 0.67999995 -0.39999998
-0.24000001 0.67999995 0.67999995
-0.24000001 0.72 -0.44
-0.24000001 0.76 -0.44
-0.24000001 0.79999995 -0.44
-0.24000001 0.79999995 -0.27999997
-0.24000001 0.79999995 -0.19999999
-0.24000001 0.79999995 0.27999997
-0.24000001 0.79999995 0.36
-0.24000001 0.84000003 -0.39999998
-0.24000001 0.84000003 -0.24000001
-0.24000001 0.84000003 -0.16000003
-0.24000001 0.84000003 0.24000001
-0.24000001 0.84000003 0.36
-0.24000001 0.88 -0.04000002
-0.24000001 0.88 0.03999996
-0.24000001 0.91999996 0.0
-0.19999999 -1.0 0.0
-0.19999999 -0.96 -0.04000002
-0.19999999 -0.92 -0.36
-0.19999999 -0.92 -0.04000002
-0.19999999 -0.92 0.32000005
-0.19999999 -0.88 -0.36
-0.19999999 -0.88 -0.04000002
-0.19999999 -0.88 0.03999996
-0.19999999 -0.88 0.32000005
-0.19999999 -0.84000003 -0.36
-0.19999999 -0.84000003 -0.24000001
-0.19999999 -0.84000003 -0.16000003
-0.19999999 -0.84000003 0.24000001
-0.19999999 -0.84000003 0.36
-0.19999999 -0.8 -0.32
-0.19999999 -0.76 -0.39999998
-0.19999999 -0.72 -0.52
-0.19999999 -0.72 -0.39999998
-0.19999999 -0.72 0.52
-0.19999999 -0.68 -0.68
-0.19999999 -0.68 -0.52
-0.19999999 -0.68 0.64
-0.19999999 -0.64 -0.72
-0.19999999 -0.6 -0.68
-0.19999999 -0.56 -0.68
-0.19999999 -0.52 -0.6
-0.19999999 -0.48000002 -0.64
-0.19999999 -0.44 -0.88
-0.19999999 -0.44 -0.68
-0.19999999 -0.44 0.84000003
-0.19999999 -0.39999998 -0.88
-0.19999999 -0.36 -0.8
-0.19999999 -0.32 -0.8
-0.19999999 -0.27999997 -0.8
-0.19999999 -0.24000001 -0.76
-0.19999999 -0.19999999 -0.76
-0.19999999 -0.16000003 -0.88
-0.19999999 -0.16000003 -0.8
-0.19999999 -0.16000003 0.88
-0.19999999 -0.120000005 -0.8
-0.19999999 -0.07999998 -0.92
-0.19999999 -0.07999998 -0.84000003
-0.19999999 -0.07999998 0.91999996
-0.19999999 -0.04000002 -0.84000003
-0.19999999 0.0 -1.0
-0.19999999 0.0 -0.84000003
-0.19999999 0.0 0.91999996
-0.19999999 0.03999996 -0.84000003
-0.19999999 0.08000004 -0.92
-0.19999999 0.08000004 -0.84000003
-0.19999999 0.08000004 0.91999996
-0.19999999 0.120000005 -0.8
-0.19999999 0.15999997 -0.88
-0.19999999 0.15999997 -0.8
-0.19999999 0.15999997 0.88
-0.19999999 0.20000005 -0.76
-0.19999999 0.24000001 -0.76
-0.19999999 0.27999997 -0.8
-0.19999999 0.32000005 -0.8
-0.19999999 0.36 -0.8
-0.19999999 0.39999998 -0.88
-0.19999999 0.44000006 -0.88
-0.19999999 0.44000006 -0.68
-0.19999999 0.44000006 0.84000003
-0.19999999 0.48000002 -0.64
-0.19999999 0.52 -0.6
-0.19999999 0.55999994 -0.68
-0.19999999 0.6 -0.68
-0.19999999 0.64 -0.72
-0.19999999 0.67999995 -0.68
-0.19999999 0.67999995 -0.52
-0.19999999 0.67999995 0.64
-0.19999999 0.72 -0.52
-0.19999999 0.72 -0.39999998
-0.19999999 0.72 0.52
-0.19999999 0.76 -0.39999998
-0.19999999 0.79999995 -0.32
-0.19999999 0.84000003 -0.36
-0.19999999 0.84000003 -0.24000001
-0.19999999 0.84000003 -0.16000003
-0.19999999 0.84000003 0.24000001
-0.19999999 0.84000003 0.36
-0.19999999 0.88 -0.36
-0.19999999 0.88 -0.04000002
-0.19999999 0.88 0.03999996
-0.19999999 0.88 0.32000005
-0.19999999 0.91999996 -0.36
-0.19999999 0.91999996 -0.04000002
-0.19999999 0.91999996 0.32000005
-0.19999999 0.96000004 -0.04000002
-0.16000003 -1.0 0.0
-0.16000003 -0.96 -0.36
-0.16000003 -0.96 -0.04000002
-0.16000003 -0.96 0.36
-0.16000003 -0.92 -0.36
-0.16000003 -0.92 -0.04000002
-0.16000003 -0.92 0.27999997
-0.16000003 -0.88 -0.36
-0.16000003 -0.88 -0.120000005
-0.16000003 -0.88 0.27999997
-0.16000003 -0.84000003 -0.36
-0.16000003 -0.84000003 -0.24000001
-0.16000003 -0.84000003 -0.120000005
-0.16000003 -0.84000003 0.20000005
-0.16000003 -0.84000003 0.32000005
-0.16000003 -0.8 -0.36
-0.16000003 -0.76 -0.64
-0.16000003 -0.76 -0.56
-0.16000003 -0.76 -0.39999998
-0.16000003 -0.76 0.55999994
-0.16000003 -0.76 0.64
-0.16000003 -0.72 -0.64
-0.16000003 -0.72 -0.52
-0.16000003 -0.72 -0.39999998
-0.16000003 -0.72 0.48000002
-0.16000003 -0.72 0.6
-0.16000003 -0.68 -0.64
-0.16000003 -0.68 -0.52
-0.16000003 -0.68 0.6
-0.16000003 -0.64 -0.64
-0.16000003 -0.6 -0.64
-0.16000003 -0.56 -0.64
-0.16000003 -0.52 -0.6
-0.16000003 -0.48000002 -0.64
-0.16000003 -0.44 -0.88
-0.16000003 -0.44 -0.76
-0.16000003 -0.44 -0.64
-0.16000003 -0.44 0.76
-0.16000003 -0.44 0.84000003
-0.16000003 -0.39999998 -0.88
-0.16000003 -0.36 -0.84000003
-0.16000003 -0.32 -0.84000003
-0.16000003 -0.27999997 -0.8
-0.16000003 -0.24000001 -0.76
-0.16000003 -0.19999999 -0.76
-0.16000003 -0.16000003 -0.8
-0.16000003 -0.120000005 -1.0
-0.16000003 -0.07999998 -1.0
-0.16000003 -0.04000002 -1.0
-0.16000003 0.0 -1.0
-0.16000003 0.03999996 -1.0
-0.16000003 0.08000004 -1.0
-0.16000003 0.120000005 -1.0
-0.16000003 0.15999997 -0.8
-0.16000003 0.20000005 -0.76
-0.16000003 0.24000001 -0.76
-0.16000003 0.27999997 -0.8
-0.16000003 0.32000005 -0.84000003
-0.16000003 0.36 -0.84000003
-0.16000003 0.39999998 -0.88
-0.16000003 0.44000006 -0.88
-0.16000003 0.44000006 -0.76
-0.16000003 0.44000006 -0.64
-0.16000003 0.44000006 0.76
-0.16000003 0.44000006 0.84000003
-0.16000003 0.48000002 -0.64
-0.16000003 0.52 -0.6
-0.16000003 0.55999994 -0.64
-0.16000003 0.6 -0.64
-0.16000003 0.64 -0.64
-0.16000003 0.67999995 -0.64
-0.16000003 0.67999995 -0.52
-0.16000003 0.67999995 0.6
-0.16000003 0.72 -0.64
-0.16000003 0.72 -0.52
-0.16000003 0.72 -0.39999998
-0.16000003 0.72 0.48000002
-0.16000003 0.72 0.6
-0.16000003 0.76 -0.64
-0.16000003 0.76 -0.56
-0.16000003 0.76 -0.39999998
-0.16000003 0.76 0.55999994
-0.16000003 0.76 0.64
-0.16000003 0.79999995 -0.36
-0.16000003 0.84000003 -0.36
-0.16000003 0.84000003 -0.24000001
-0.16000003 0.84000003 -0.120000005
-0.16000003 0.84000003 0.20000005
-0.16000003 0.84000003 0.32000005
-0.16000003 0.88 -0.36
-0.16000003 0.88 -0.120000005
-0.16000003 0.88 0.27999997
-0.16000003 0.91999996 -0.36
-0.16000003 0.91999996 -0.04000002
-0.16000003 0.91999996 0.27999997
-0.16000003 0.96000004 -0.36
-0.16000003 0.96000004 -0.04000002
-0.16000003 0.96000004 0.36
-0.120000005 -0.96 0.0
-0.120000005 -0.92 -0.36
-0.120000005 -0.92 -0.04000002
-0.120000005 -0.92 0.32000005
-0.120000005 -0.88 -0.36
-0.120000005 -0.88 -0.07999998
-0.120000005 -0.88 0.32000005
-0.120000005 -0.84000003 -0.39999998
-0.120000005 -0.84000003 -0.120000005
-0.120000005 -0.84000003 0.24000001
-0.120000005 -0.8 -0.39999998
-0.120000005 -0.76 -0.64
-0.120000005 -0.76 -0.36
-0.120000005 -0.76 0.6
-0.120000005 -0.72 -0.64
-0.120000005 -0.72 -0.48000002
-0.120000005 -0.72 0.55999994
-0.120000005 -0.68 -0.64
-0.120000005 -0.64 -0.6
-0.120000005 -0.6 -0.64
-0.120000005 -0.56 -0.64
-0.120000005 -0.52 -0.84000003
-0.120000005 -0.52 -0.72
-0.120000005 -0.52 0.84000003
-0.120000005 -0.48000002 -0.88
-0.120000005 -0.48000002 -0.72
-0.120000005 -0.48000002 0.79999995
-0.120000005 -0.44 -0.88
-0.120000005 -0.39999998 -0.88
-0.120000005 -0.36 -0.88
-0.120000005 -0.32 -0.8
-0.120000005 -0.27999997 -0.76
-0.120000005 -0.24000001 -0.76
-0.120000005 -0.19999999 -0.92
-0.120000005 -0.19999999 -0.84000003
-0.120000005 -0.19999999 0.91999996
-0.120000005 -0.16000003 -0.96
-0.120000005 -0.16000003 -0.84000003
-0.120000005 -0.16000003 0.96000004
-0.120000005 -0.120000005 -1.0
-0.120000005 -0.07999998 -1.0
-0.120000005 -0.04000002 -1.0
-0.120000005 0.0 -0.96
-0.120000005 0.03999996 -1.0
-0.120000005 0.08000004 -1.0
-0.120000005 0.120000005 -1.0
-0.120000005 0.15999997 -0.96
-0.120000005 0.15999997 -0.84000003
-0.120000005 0.15999997 0.96000004
-0.120000005 0.20000005 -0.92
-0.120000005 0.20000005 -0.84000003
-0.120000005 0.20000005 0.91999996
-0.120000005 0.24000001 -0.76
-0.120000005 0.27999997 -0.76
-0.120000005 0.32000005 -0.8
-0.120000005 0.36 -0.88
-0.120000005 0.39999998 -0.88
-0.120000005 0.44000006 -0.88
-0.120000005 0.48000002 -0.88
-0.120000005 0.48000002 -0.72
-0.120000005 0.48000002 0.79999995
-0.120000005 0.52 -0.84000003
-0.120000005 0.52 -0.72
-0.120000005 0.52 0.84000003
-0.120000005 0.55999994 -0.64
-0.120000005 0.6 -0.64
-0.120000005 0.64 -0.6
-0.120000005 0.67999995 -0.64
-0.120000005 0.72 -0.64
-0.120000005 0.72 -0.48000002
-0.120000005 0.72 0.55999994
-0.120000005 0.76 -0.64
-0.120000005 0.76 -0.36
-0.120000005 0.76 0.6
-0.120000005 0.79999995 -0.39999998
-0.120000005 0.84000003 -0.39999998
-0.120000005 0.84000003 -0.120000005
-0.120000005 0.84000003 0.24000001
-0.120000005 0.88 -0.36
-0.120000005 0.88 -0.07999998
-0.120000005 0.88 0.32000005
-0.120000005 0.91999996 -0.36
-0.120000005 0.91999996 -0.04000002
-0.120000005 0.91999996 0.32000005
-0.120000005 0.96000004 0.0
-0.07999998 -0.92 -0.120000005
-0.07999998 -0.92 0.120000005
-0.07999998 -0.88 -0.16000003
-0.07999998 -0.88 -0.04000002
-0.07999998 -0.88 0.120000005
-0.07999998 -0.84000003 -0.32
-0.07999998 -0.84000003 -0.24000001
-0.07999998 -0.84000003 0.32000005
-0.07999998 -0.8 -0.36
-0.07999998 -0.76 -0.44
-0.07999998 -0.72 -0.68
-0.07999998 -0.72 -0.52
-0.07999998 -0.72 -0.39999998
-0.07999998 -0.72 0.52
-0.07999998 -0.72 0.6
-0.07999998 -0.68 -0.64
-0.07999998 -0.64 -0.6
-0.07999998 -0.6 -0.64
-0.07999998 -0.56 -0.64
-0.07999998 -0.52 -0.84000003
-0.07999998 -0.52 -0.72
-0.07999998 -0.52 0.84000003
-0.07999998 -0.48000002 -0.88
-0.07999998 -0.44 -0.84000003
-0.07999998 -0.39999998 -0.8
-0.07999998 -0.36 -0.84000003
-0.07999998 -0.32 -0.76
-0.07999998 -0.27999997 -0.76
-0.07999998 -0.24000001 -0.8
-0.07999998 -0.19999999 -0.84000003
-0.07999998 -0.16000003 -1.0
-0.07999998 -0.120000005 -1.0
-0.07999998 -0.07999998 -0.92
-0.07999998 -0.04000002 -0.96
-0.07999998 0.0 -0.88
-0.07999998 0.03999996 -0.96
-0.07999998 0.08000004 -0.92
-0.07999998 0.120000005 -1.0
-0.07999998 0.15999997 -1.0
-0.07999998 0.20000005 -0.84000003
-0.07999998 0.24000001 -0.8
-0.07999998 0.27999997 -0.76
-0.07999998 0.32000005 -0.76
-0.07999998 0.36 -0.84000003
-0.07999998 0.39999998 -0.8
-0.07999998 0.44000006 -0.84000003
-0.07999998 0.48000002 -0.88
-0.07999998 0.52 -0.84000003
-0.07999998 0.52 -0.72
-0.07999998 0.52 0.84000003
-0.07999998 0.55999994 -0.64
-0.07999998 0.6 -0.64
-0.07999998 0.64 -0.6
-0.07999998 0.67999995 -0.64
-0.07999998 0.72 -0.68
-0.07999998 0.72 -0.52
-0.07999998 0.72 -0.39999998
-0.07999998 0.72 0.52
-0.07999998 0.72 0.6
-0.07999998 0.76 -0.44
-0.07999998 0.79999995 -0.36
-0.07999998 0.84000003 -0.32
-0.07999998 0.84000003 -0.24000001
-0.07999998 0.84000003 0.32000005
-0.07999998 0.88 -0.16000003
-0.07999998 0.88 -0.04000002
-0.07999998 0.88 0.120000005
-0.07999998 0.91999996 -0.120000005
-0.07999998 0.91999996 0.120000005
-0.04000002 -1.0 -0.16000003
-0.04000002 -1.0 0.15999997
-0.04000002 -0.96 -0.16000003
-0.04000002 -0.96 0.120000005
-0.04000002 -0.92 -0.16000003
-0.04000002 -0.92 0.08000004
-0.04000002 -0.88 -0.44
-0.04000002 -0.88 -0.16000003
-0.04000002 -0.88 -0.04000002
-0.04000002 -0.88 0.120000005
-0.04000002 -0.88 0.36
-0.04000002 -0.84000003 -0.44
-0.04000002 -0.84000003 -0.27999997
-0.04000002 -0.84000003 0.36
-0.04000002 -0.8 -0.44
-0.04000002 -0.76 -0.39999998
-0.04000002 -0.72 -0.68
-0.04000002 -0.72 -0.52
-0.04000002 -0.72 -0.44
-0.04000002 -0.72 0.52
-0.04000002 -0.72 0.6
-0.04000002 -0.68 -0.68
-0.04000002 -0.68 -0.52
-0.04000002 -0.68 0.6
-0.04000002 -0.64 -0.64
-0.04000002 -0.6 -0.64
-0.04000002 -0.56 -0.6
-0.04000002 -0.52 -0.72
-0.04000002 -0.52 -0.64
-0.04000002 -0.52 0.72
-0.04000002 -0.48000002 -0.88
-0.04000002 -0.48000002 -0.72
-0.04000002 -0.48000002 0.79999995
-0.04000002 -0.44 -0.88
-0.04000002 -0.39999998 -0.84000003
-0.04000002 -0.36 -0.84000003
-0.04000002 -0.32 -0.8
-0.04000002 -0.27999997 -0.76
-0.04000002 -0.24000001 -0.92
-0.04000002 -0.24000001 -0.84000003
-0.04000002 -0.24000001 -0.76
-0.04000002 -0.24000001 0.84000003
-0.04000002 -0.24000001 0.91999996
-0.04000002 -0.19999999 -0.96
-0.04000002 -0.16000003 -1.0
-0.04000002 -0.120000005 -1.0
-0.04000002 -0.07999998 -0.88
-0.04000002 -0.04000002 -0.88
-0.04000002 0.0 -0.88
-0.04000002 0.03999996 -0.88
-0.04000002 0.08000004 -0.88
-0.04000002 0.120000005 -1.0
-0.04000002 0.15999997 -1.0
-0.04000002 0.20000005 -0.96
-0.04000002 0.24000001 -0.92
-0.04000002 0.24000001 -0.84000003
-0.04000002 0.24000001 -0.76
-0.04000002 0.24000001 0.84000003
-0.04000002 0.24000001 0.91999996
-0.04000002 0.27999997 -0.76
-0.04000002 0.32000005 -0.8
-0.04000002 0.36 -0.84000003
-0.04000002 0.39999998 -0.84000003
-0.04000002 0.44000006 -0.88
-0.04000002 0.48000002 -0.88
-0.04000002 0.48000002 -0.72
-0.04000002 0.48000002 0.79999995
-0.04000002 0.52 -0.72
-0.04000002 0.52 -0.64
-0.04000002 0.52 0.72
-0.04000002 0.55999994 -0.6
-0.04000002 0.6 -0.64
-0.04000002 0.64 -0.64
-0.04000002 0.67999995 -0.68
-0.04000002 0.67999995 -0.52
-0.04000002 0.67999995 0.6
-0.04000002 0.72 -0.68
-0.04000002 0.72 -0.52
-0.04000002 0.72 -0.44
-0.04000002 0.72 0.52
-0.04000002 0.72 0.6
-0.04000002 0.76 -0.39999998
-0.04000002 0.79999995 -0.44
-0.04000002 0.84000003 -0.44
-0.04000002 0.84000003 -0.27999997
-0.04000002 0.84000003 0.36
-0.04000002 0.88 -0.44
-0.04000002 0.88 -0.16000003
-0.04000002 0.88 -0.04000002
-0.04000002 0.88 0.120000005
-0.04000002 0.88 0.36
-0.04000002 0.91999996 -0.16000003
-0.04000002 0.91999996 0.08000004
-0.04000002 0.96000004 -0.16000003
-0.04000002 0.96000004 0.120000005
0.0 -1.0 -0.16000003
0.0 -1.0 0.15999997
0.0 -0.96 -0.16000003
0.0 -0.96 0.120000005
0.0 -0.92 -0.44
0.0 -0.92 -0.16000003
0.0 -0.92 0.08000004
0.0 -0.92 0.44000006
0.0 -0.88 -0.48000002
0.0 -0.88 -0.19999999
0.0 -0.88 0.08000004
0.0 -0.88 0.39999998
0.0 -0.84000003 -0.48000002
0.0 -0.84000003 -0.19999999
0.0 -0.84000003 0.08000004
0.0 -0.84000003 0.39999998
0.0 -0.8 -0.44
0.0 -0.8 -0.19999999
0.0 -0.8 0.36
0.0 -0.76 -0.44
0.0 -0.72 -0.72
0.0 -0.72 -0.39999998
0.0 -0.72 0.64
0.0 -0.68 -0.72
0.0 -0.68 -0.44
0.0 -0.68 0.6
0.0 -0.64 -0.72
0.0 -0.64 -0.48000002
0.0 -0.64 0.55999994
0.0 -0.6 -0.68
0.0 -0.56 -0.64
0.0 -0.52 -0.6
0.0 -0.48000002 -0.88
0.0 -0.48000002 -0.64
0.0 -0.48000002 0.84000003
0.0 -0.44 -0.92
0.0 -0.44 -0.68
0.0 -0.44 0.76
0.0 -0.39999998 -0.88
0.0 -0.36 -0.8
0.0 -0.32 -0.76
0.0 -0.27999997 -0.76
0.0 -0.24000001 -0.76
0.0 -0.19999999 -0.88
0.0 -0.16000003 -1.0
0.0 -0.120000005 -0.96
0.0 -0.07999998 -0.92
0.0 -0.07999998 -0.8
0.0 -0.07999998 0.88
0.0 -0.04000002 -0.8
0.0 0.0 -0.8
0.0 0.03999996 -0.8
0.0 0.08000004 -0.92
0.0 0.08000004 -0.8
0.0 0.08000004 0.88
0.0 0.120000005 -0.96
0.0 0.15999997 -1.0
0.0 0.20000005 -0.88
0.0 0.24000001 -0.76
0.0 0.27999997 -0.76
0.0 0.32000005 -0.76
0.0 0.36 -0.8
0.0 0.39999998 -0.88
0.0 0.44000006 -0.92
0.0 0.44000006 -0.68
0.0 0.44000006 0.76
0.0 0.48000002 -0.88
0.0 0.48000002 -0.64
0.0 0.48000002 0.84000003
0.0 0.52 -0.6
0.0 0.55999994 -0.64
0.0 0.6 -0.68
0.0 0.64 -0.72
0.0 0.64 -0.48000002
0.0 0.64 0.55999994
0.0 0.67999995 -0.72
0.0 0.67999995 -0.44
0.0 0.67999995 0.6
0.0 0.72 -0.72
0.0 0.72 -0.39999998
0.0 0.72 0.64
0.0 0.76 -0.44
0.0 0.79999995 -0.44
0.0 0.79999995 -0.19999999
0.0 0.79999995 0.36
0.0 0.84000003 -0.48000002
0.0 0.84000003 -0.19999999
0.0 0.84000003 0.08000004
0.0 0.84000003 0.39999998
0.0 0.88 -0.48000002
0.0 0.88 -0.19999999
0.0 0.88 0.08000004
0.0 0.88 0.39999998
0.0 0.91999996 -0.44
0.0 0.91999996 -0.16000003
0.0 0.91999996 0.08000004
0.0 0.91999996 0.44000006
0.0 0.96000004 -0.16000003
0.0 0.96000004 0.120000005
0.03999996 -1.0 -0.16000003
0.03999996 -1.0 0.15999997
0.03999996 -0.96 -0.16000003
0.03999996 -0.96 0.120000005
0.03999996 -0.92 -0.16000003
0.03999996 -0.92 0.08000004
0.03999996 -0.88 -0.44
0.03999996 -0.88 -0.16000003
0.03999996 -0.88 -0.04000002
0.03999996 -0.88 0.120000005
0.03999996 -0.88 0.36
0.03999996 -0.84000003 -0.44
0.03999996 -0.84000003 -0.27999997
0.03999996 -0.84000003 0.36
0.03999996 -0.8 -0.44
0.03999996 -0.76 -0.39999998
0.03999996 -0.72 -0.68
0.03999996 -0.72 -0.52
0.03999996 -0.72 -0.44
0.03999996 -0.72 0.52
0.03999996 -0.72 0.6
0.03999996 -0.68 -0.68
0.03999996 -0.68 -0.52
0.03999996 -0.68 0.6
0.03999996 -0.64 -0.64
0.03999996 -0.6 -0.64
0.03999996 -0.56 -0.6
0.03999996 -0.52 -0.72
0.03999996 -0.52 -0.64
0.03999996 -0.52 0.72
0.03999996 -0.48000002 -0.88
0.03999996 -0.48000002 -0.72
0.03999996 -0.48000002 0.79999995
0.03999996 -0.44 -0.88
0.03999996 -0.39999998 -0.84000003
0.03999996 -0.36 -0.84000003
0.03999996 -0.32 -0.8
0.03999996 -0.27999997 -0.76
0.03999996 -0.24000001 -0.92
0.03999996 -0.24000001 -0.84000003
0.03999996 -0.24000001 -0.76
0.03999996 -0.24000001 0.84000003
0.03999996 -0.24000001 0.91999996
0.03999996 -0.19999999 -0.96
0.03999996 -0.16000003 -1.0
0.03999996 -0.120000005 -1.0
0.03999996 -0.07999998 -0.88
0.03999996 -0.04000002 -0.88
0.03999996 0.0 -0.88
0.03999996 0.03999996 -0.88
0.03999996 0.08000004 -0.88
0.03999996 0.120000005 -1.0
0.03999996 0.15999997 -1.0
0.03999996 0.20000005 -0.96
0.03999996 0.24000001 -0.92
0.03999996 0.24000001 -0.84000003
0.03999996 0.24000001 -0.76
0.03999996 0.24000001 0.84000003
0.03999996 0.24000001 0.91999996
0.03999996 0.27999997 -0.76
0.03999996 0.32000005 -0.8
0.03999996 0.36 -0.84000003
0.03999996 0.39999998 -0.84000003
0.03999996 0.44000006 -0.88
0.03999996 0.48000002 -0.88
0.03999996 0.48000002 -0.72
0.03999996 0.48000002 0.79999995
0.03999996 0.52 -0.72
0.03999996 0.52 -0.64
0.03999996 0.52 0.72
0.03999996 0.55999994 -0.6
0.03999996 0.6 -0.64
0.03999996 0.64 -0.64
0.03999996 0.67999995 -0.68
0.03999996 0.67999995 -0.52
0.03999996 0.67999995 0.6
0.03999996 0.72 -0.68
0.03999996 0.72 -0.52
0.03999996 0.72 -0.44
0.03999996 0.72 0.52
0.03999996 0.72 0.6
0.03999996 0.76 -0.39999998
0.03999996 0.79999995 -0.44
0.03999996 0.84000003 -0.44
0.03999996 0.84000003 -0.27999997
0.03999996 0.84000003 0.36
0.03999996 0.88 -0.44
0.03999996 0.88 -0.16000003
0.03999996 0.88 -0.04000002
0.03999996 0.88 0.120000005
0.03999996 0.88 0.36
0.03999996 0.91999996 -0.16000003
0.03999996 0.91999996 0.08000004
0.03999996 0.96000004 -0.16000003
0.03999996 0.96000004 0.120000005
0.08000004 -0.92 -0.120000005
0.08000004 -0.92 0.120000005
0.08000004 -0.88 -0.16000003
0.08000004 -0.88 -0.04000002
0.08000004 -0.88 0.120000005
0.08000004 -0.84000003 -0.32
0.08000004 -0.84000003 -0.24000001
0.08000004 -0.84000003 0.32000005
0.08000004 -0.8 -0.36
0.08000004 -0.76 -0.44
0.08000004 -0.72 -0.68
0.08000004 -0.72 -0.52
0.08000004 -0.72 -0.39999998
0.08000004 -0.72 0.52
0.08000004 -0.72 0.6
0.08000004 -0.68 -0.64
0.08000004 -0.64 -0.6
0.08000004 -0.6 -0.64
0.08000004 -0.56 -0.64
0.08000004 -0.52 -0.84000003
0.08000004 -0.52 -0.72
0.08000004 -0.52 0.84000003
0.08000004 -0.48000002 -0.88
0.08000004 -0.44 -0.84000003
0.08000004 -0.39999998 -0.8
0.08000004 -0.36 -0.84000003
0.08000004 -0.32 -0.76
0.08000004 -0.27999997 -0.76
0.08000004 -0.24000001 -0.8
0.08000004 -0.19999999 -0.84000003
0.08000004 -0.16000003 -1.0
0.08000004 -0.120000005 -1.0
0.08000004 -0.07999998 -0.92
0.08000004 -0.04000002 -0.96
0.08000004 0.0 -0.88
0.08000004 0.03999996 -0.96
0.08000004 0.08000004 -0.92
0.08000004 0.120000005 -1.0
0.08000004 0.15999997 -1.0
0.08000004 0.20000005 -0.84000003
0.08000004 0.24000001 -0.8
0.08000004 0.27999997 -0.76
0.08000004 0.32000005 -0.76
0.08000004 0.36 -0.84000003
0.08000004 0.39999998 -0.8
0.08000004 0.44000006 -0.84000003
0.08000004 0.48000002 -0.88
0.08000004 0.52 -0.84000003
0.08000004 0.52 -0.72
0.08000004 0.52 0.84000003
0.08000004 0.55999994 -0.64
0.08000004 0.6 -0.64
0.08000004 0.64 -0.6
0.08000004 0.67999995 -0.64
0.08000004 0.72 -0.68
0.08000004 0.72 -0.52
0.08000004 0.72 -0.39999998
0.08000004 0.72 0.52
0.08000004 0.72 0.6
0.08000004 0.76 -0.44
0.08000004 0.79999995 -0.36
0.08000004 0.84000003 -0.32
0.08000004 0.84000003 -0.24000001
0.08000004 0.84000003 0.32000005
0.08000004 0.88 -0.16000003
0.08000004 0.88 -0.04000002
0.08000004 0.88 0.120000005
0.08000004 0.91999996 -0.120000005
0.08000004 0.91999996 0.120000005
0.120000005 -0.96 0.0
0.120000005 -0.92 -0.36
0.120000005 -0.92 -0.04000002
0.120000005 -0.92 0.32000005
0.120000005 -0.88 -0.36
0.120000005 -0.88 -0.07999998
0.120000005 -0.88 0.32000005
0.120000005 -0.84000003 -0.39999998
0.120000005 -0.84000003 -0.120000005
0.120000005 -0.84000003 0.24000001
0.120000005 -0.8 -0.39999998
0.120000005 -0.76 -0.64
0.120000005 -0.76 -0.36
0.120000005 -0.76 0.6
0.120000005 -0.72 -0.64
0.120000005 -0.72 -0.48000002
0.120000005 -0.72 0.55999994
0.120000005 -0.68 -0.64
0.120000005 -0.64 -0.6
0.120000005 -0.6 -0.64
0.120000005 -0.56 -0.64
0.120000005 -0.52 -0.84000003
0.120000005 -0.52 -0.72
0.120000005 -0.52 0.84000003
0.120000005 -0.48000002 -0.88
0.120000005 -0.48000002 -0.72
0.120000005 -0.48000002 0.79999995
0.120000005 -0.44 -0.88
0.120000005 -0.39999998 -0.88
0.120000005 -0.36 -0.88
0.120000005 -0.32 -0.8
0.120000005 -0.27999997 -0.76
0.120000005 -0.24000001 -0.76
0.120000005 -0.19999999 -0.92
0.120000005 -0.19999999 -0.84000003
0.120000005 -0.19999999 0.91999996
0.120000005 -0.16000003 -0.96
0.120000005 -0.16000003 -0.84000003
0.120000005 -0.16000003 0.96000004
0.120000005 -0.120000005 -1.0
0.120000005 -0.07999998 -1.0
0.120000005 -0.04000002 -1.0
0.120000005 0.0 -0.96
0.120000005 0.03999996 -1.0
0.120000005 0.08000004 -1.0
0.120000005 0.120000005 -1.0
0.120000005 0.15999997 -0.96
0.120000005 0.15999997 -0.84000003
0.120000005 0.15999997 0.96000004
0.120000005 0.20000005 -0.92
0.120000005 0.20000005 -0.84000003
0.120000005 0.20000005 0.91999996
0.120000005 0.24000001 -0.76
0.120000005 0.27999997 -0.76
0.120000005 0.32000005 -0.8
0.120000005 0.36 -0.88
0.120000005 0.39999998 -0.88
0.120000005 0.44000006 -0.88
0.120000005 0.48000002 -0.88
0.120000005 0.48000002 -0.72
0.120000005 0.48000002 0.79999995
0.120000005 0.52 -0.84000003
0.120000005 0.52 -0.72
0.120000005 0.52 0.84000003
0.120000005 0.55999994 -0.64
0.120000005 0.6 -0.64
0.120000005 0.64 -0.6
0.120000005 0.67999995 -0.64
0.120000005 0.72 -0.64
0.120000005 0.72 -0.48000002
0.120000005 0.72 0.55999994
0.120000005 0.76 -0.64
0.120000005 0.76 -0.36
0.120000005 0.76 0.6
0.120000005 0.79999995 -0.39999998
0.120000005 0.84000003 -0.39999998
0.120000005 0.84000003 -0.120000005
0.120000005 0.84000003 0.24000001
0.120000005 0.88 -0.36
0.120000005 0.88 -0.07999998
0.120000005 0.88 0.32000005
0.120000005 0.91999996 -0.36
0.120000005 0.91999996 -0.04000002
0.120000005 0.91999996 0.32000005
0.120000005 0.96000004 0.0
0.15999997 -1.0 0.0
0.15999997 -0.96 -0.36
0.15999997 -0.96 -0.04000002
0.15999997 -0.96 0.36
0.15999997 -0.92 -0.36
0.15999997 -0.92 -0.04000002
0.15999997 -0.92 0.27999997
0.15999997 -0.88 -0.36
0.15999997 -0.88 -0.120000005
0.15999997 -0.88 0.27999997
0.15999997 -0.84000003 -0.36
0.15999997 -0.84000003 -0.24000001
0.15999997 -0.84000003 -0.120000005
0.15999997 -0.84000003 0.20000005
0.15999997 -0.84000003 0.32000005
0.15999997 -0.8 -0.36
0.15999997 -0.76 -0.64
0.15999997 -0.76 -0.56
0.15999997 -0.76 -0.39999998
0.15999997 -0.76 0.55999994
0.15999997 -0.76 0.64
0.15999997 -0.72 -0.64
0.15999997 -0.72 -0.52
0.15999997 -0.72 -0.39999998
0.15999997 -0.72 0.48000002
0.15999997 -0.72 0.6
0.15999997 -0.68 -0.64
0.15999997 -0.68 -0.52
0.15999997 -0.68 0.6
0.15999997 -0.64 -0.64
0.15999997 -0.6 -0.64
0.15999997 -0.56 -0.64
0.15999997 -0.52 -0.6
0.15999997 -0.48000002 -0.64
0.15999997 -0.44 -0.88
0.15999997 -0.44 -0.76
0.15999997 -0.44 -0.64
0.15999997 -0.44 0.76
0.15999997 -0.44 0.84000003
0.15999997 -0.39999998 -0.88
0.15999997 -0.36 -0.84000003
0.15999997 -0.32 -0.84000003
0.15999997 -0.27999997 -0.8
0.15999997 -0.24000001 -0.76
0.15999997 -0.19999999 -0.76
0.15999997 -0.16000003 -0.8
0.15999997 -0.120000005 -1.0
0.15999997 -0.07999998 -1.0
0.15999997 -0.04000002 -1.0
0.15999997 0.0 -1.0
0.15999997 0.03999996 -1.0
0.15999997 0.08000004 -1.0
0.15999997 0.120000005 -1.0
0.15999997 0.15999997 -0.8
0.15999997 0.20000005 -0.76
0.15999997 0.24000001 -0.76
0.15999997 0.27999997 -0.8
0.15999997 0.32000005 -0.84000003
0.15999997 0.36 -0.84000003
0.15999997 0.39999998 -0.88
0.15999997 0.44000006 -0.88
0.15999997 0.44000006 -0.76
0.15999997 0.44000006 -0.64
0.15999997 0.44000006 0.76
0.15999997 0.44000006 0.84000003
0.15999997 0.48000002 -0.64
0.15999997 0.52 -0.6
0.15999997 0.55999994 -0.64
0.15999997 0.6 -0.64
0.15999997 0.64 -0.64
0.15999997 0.67999995 -0.64
0.15999997 0.67999995 -0.52
0.15999997 0.67999995 0.6
0.15999997 0.72 -0.64
0.15999997 0.72 -0.52
0.15999997 0.72 -0.39999998
0.15999997 0.72 0.48000002
0.15999997 0.72 0.6
0.15999997 0.76 -0.64
0.15999997 0.76 -0.56
0.15999997 0.76 -0.39999998
0.15999997 0.76 0.55999994
0.15999997 0.76 0.64
0.15999997 0.79999995 -0.36
0.15999997 0.84000003 -0.36
0.15999997 0.84000003 -0.24000001
0.15999997 0.84000003 -0.120000005
0.15999997 0.84000003 0.20000005
0.15999997 0.84000003 0.32000005
0.15999997 0.88 -0.36
0.15999997 0.88 -0.120000005
0.15999997 0.88 0.27999997
0.15999997 0.91999996 -0.36
0.15999997 0.91999996 -0.04000002
0.15999997 0.91999996 0.27999997
0.15999997 0.96000004 -0.36
0.15999997 0.96000004 -0.04000002
0.15999997 0.96000004 0.36
0.20000005 -1.0 0.0
0.20000005 -0.96 -0.04000002
0.20000005 -0.92 -0.36
0.20000005 -0.92 -0.04000002
0.20000005 -0.92 0.32000005
0.20000005 -0.88 -0.36
0.20000005 -0.88 -0.04000002
0.20000005 -0.88 0.03999996
0.20000005 -0.88 0.32000005
0.20000005 -0.84000003 -0.36
0.20000005 -0.84000003 -0.24000001
0.20000005 -0.84000003 -0.16000003
0.20000005 -0.84000003 0.24000001
0.20000005 -0.84000003 0.36
0.20000005 -0.8 -0.32
0.20000005 -0.76 -0.39999998
0.20000005 -0.72 -0.52
0.20000005 -0.72 -0.39999998
0.20000005 -0.72 0.52
0.20000005 -0.68 -0.68
0.20000005 -0.68 -0.52
0.20000005 -0.68 0.64
0.20000005 -0.64 -0.72
0.20000005 -0.6 -0.68
0.20000005 -0.56 -0.68
0.20000005 -0.52 -0.6
0.20000005 -0.48000002 -0.64
0.20000005 -0.44 -0.88
0.20000005 -0.44 -0.68
0.20000005 -0.44 0.84000003
0.20000005 -0.39999998 -0.88
0.20000005 -0.36 -0.8
0.20000005 -0.32 -0.8
0.20000005 -0.27999997 -0.8
0.20000005 -0.24000001 -0.76
0.20000005 -0.19999999 -0.76
0.20000005 -0.16000003 -0.88
0.20000005 -0.16000003 -0.8
0.20000005 -0.16000003 0.88
0.20000005 -0.120000005 -0.8
0.20000005 -0.07999998 -0.92
0.20000005 -0.07999998 -0.84000003
0.20000005 -0.07999998 0.91999996
0.20000005 -0.04000002 -0.84000003
0.20000005 0.0 -1.0
0.20000005 0.0 -0.84000003
0.20000005 0.0 0.91999996
0.20000005 0.03999996 -0.84000003
0.20000005 0.08000004 -0.92
0.20000005 0.08000004 -0.84000003
0.20000005 0.08000004 0.91999996
0.20000005 0.120000005 -0.8
0.20000005 0.15999997 -0.88
0.20000005 0.15999997 -0.8
0.20000005 0.15999997 0.88
0.20000005 0.20000005 -0.76
0.20000005 0.24000001 -0.76
0.20000005 0.27999997 -0.8
0.20000005 0.32000005 -0.8
0.20000005 0.36 -0.8
0.20000005 0.39999998 -0.88
0.20000005 0.44000006 -0.88
0.20000005 0.44000006 -0.68
0.20000005 0.44000006 0.84000003
0.20000005 0.48000002 -0.64
0.20000005 0.52 -0.6
0.20000005 0.55999994 -0.68
0.20000005 0.6 -0.68
0.20000005 0.64 -0.72
0.20000005 0.67999995 -0.68
0.20000005 0.67999995 -0.52
0.20000005 0.67999995 0.64
0.20000005 0.72 -0.52
0.20000005 0.72 -0.39999998
0.20000005 0.72 0.52
0.20000005 0.76 -0.39999998
0.20000005 0.79999995 -0.32
0.20000005 0.84000003 -0.36
0.20000005 0.84000003 -0.24000001
0.20000005 0.84000003 -0.16000003
0.20000005 0.84000003 0.24000001
0.20000005 0.84000003 0.36
0.20000005 0.88 -0.36
0.20000005 0.88 -0.04000002
0.20000005 0.88 0.03999996
0.20000005 0.88 0.32000005
0.20000005 0.91999996 -0.36
0.20000005 0.91999996 -0.04000002
0.20000005 0.91999996 0.32000005
0.20000005 0.96000004 -0.04000002
0.24000001 -0.92 0.0
0.24000001 -0.88 -0.04000002
0.24000001 -0.88 0.03999996
0.24000001 -0.84000003 -0.39999998
0.24000001 -0.84000003 -0.24000001
0.24000001 -0.84000003 -0.16000003
0.24000001 -0.84000003 0.24000001
0.24000001 -0.84000003 0.36
0.24000001 -0.8 -0.44
0.24000001 -0.8 -0.27999997
0.24000001 -0.8 -0.19999999
0.24000001 -0.8 0.27999997
0.24000001 -0.8 0.36
0.24000001 -0.76 -0.44
0.24000001 -0.72 -0.44
0.24000001 -0.68 -0.72
0.24000001 -0.68 -0.39999998
0.24000001 -0.68 0.67999995
0.24000001 -0.64 -0.72
0.24000001 -0.64 -0.44
0.24000001 -0.64 0.64
0.24000001 -0.6 -0.68
0.24000001 -0.56 -0.64
0.24000001 -0.52 -0.64
0.24000001 -0.48000002 -0.72
0.24000001 -0.48000002 -0.64
0.24000001 -0.48000002 0.72
0.24000001 -0.44 -0.88
0.24000001 -0.44 -0.72
0.24000001 -0.44 0.79999995
0.24000001 -0.39999998 -0.88
0.24000001 -0.36 -0.88
0.24000001 -0.32 -0.84000003
0.24000001 -0.27999997 -0.8
0.24000001 -0.24000001 -0.8
0.24000001 -0.19999999 -0.8
0.24000001 -0.16000003 -0.76
0.24000001 -0.120000005 -0.8
0.24000001 -0.07999998 -0.88
0.24000001 -0.07999998 -0.8
0.24000001 -0.07999998 0.88
0.24000001 -0.04000002 -0.76
0.24000001 0.0 -0.92
0.24000001 0.0 -0.84000003
0.24000001 0.0 0.91999996
0.24000001 0.03999996 -0.76
0.24000001 0.08000004 -0.88
0.24000001 0.08000004 -0.8
0.24000001 0.08000004 0.88
0.24000001 0.120000005 -0.8
0.24000001 0.15999997 -0.76
0.24000001 0.20000005 -0.8
0.24000001 0.24000001 -0.8
0.24000001 0.27999997 -0.8
0.24000001 0.32000005 -0.84000003
0.24000001 0.36 -0.88
0.24000001 0.39999998 -0.88
0.24000001 0.44000006 -0.88
0.24000001 0.44000006 -0.72
0.24000001 0.44000006 0.79999995
0.24000001 0.48000002 -0.72
0.24000001 0.48000002 -0.64
0.24000001 0.48000002 0.72
0.24000001 0.52 -0.64
0.24000001 0.55999994 -0.64
0.24000001 0.6 -0.68
0.24000001 0.64 -0.72
0.24000001 0.64 -0.44
0.24000001 0.64 0.64
0.24000001 0.67999995 -0.72
0.24000001 0.67999995 -0.39999998
0.24000001 0.67999995 0.67999995
0.24000001 0.72 -0.44
0.24000001 0.76 -0.44
0.24000001 0.79999995 -0.44
0.24000001 0.79999995 -0.27999997
0.24000001 0.79999995 -0.19999999
0.24000001 0.79999995 0.27999997
0.24000001 0.79999995 0.36
0.24000001 0.84000003 -0.39999998
0.24000001 0.84000003 -0.24000001
0.24000001 0.84000003 -0.16000003
0.24000001 0.84000003 0.24000001
0.24000001 0.84000003 0.36
0.24000001 0.88 -0.04000002
0.24000001 0.88 0.03999996
0.24000001 0.91999996 0.0
0.27999997 -0.92 -0.16000003
0.27999997 -0.92 0.120000005
0.27999997 -0.88 -0.16000003
0.27999997 -0.88 0.08000004
0.27999997 -0.84000003 -0.48000002
0.27999997 -0.84000003 -0.19999999
0.27999997 -0.84000003 0.08000004
0.27999997 -0.84000003 0.39999998
0.27999997 -0.8 -0.48000002
0.27999997 -0.8 -0.19999999
0.27999997 -0.8 0.08000004
0.27999997 -0.8 0.36
0.27999997 -0.76 -0.44
0.27999997 -0.76 -0.16000003
0.27999997 -0.76 0.36
0.27999997 -0.72 -0.44
0.27999997 -0.68 -0.68
0.27999997 -0.68 -0.39999998
0.27999997 -0.68 0.67999995
0.27999997 -0.64 -0.68
0.27999997 -0.64 -0.52
0.27999997 -0.64 0.6
0.27999997 -0.6 -0.64
0.27999997 -0.56 -0.68
0.27999997 -0.52 -0.64
0.27999997 -0.48000002 -0.64
0.27999997 -0.44 -0.84000003
0.27999997 -0.44 -0.72
0.27999997 -0.44 0.84000003
0.27999997 -0.39999998 -0.88
0.27999997 -0.39999998 -0.72
0.27999997 -0.39999998 0.79999995
0.27999997 -0.36 -0.88
0.27999997 -0.32 -0.88
0.27999997 -0.27999997 -0.8
0.27999997 -0.24000001 -0.8
0.27999997 -0.19999999 -0.8
0.27999997 -0.16000003 -0.76
0.27999997 -0.120000005 -0.76
0.27999997 -0.07999998 -0.76
0.27999997 -0.04000002 -0.76
0.27999997 0.0 -0.76
0.27999997 0.03999996 -0.76
0.27999997 0.08000004 -0.76
0.27999997 0.120000005 -0.76
0.27999997 0.15999997 -0.76
0.27999997 0.20000005 -0.8
0.27999997 0.24000001 -0.8
0.27999997 0.27999997 -0.8
0.27999997 0.32000005 -0.88
0.27999997 0.36 -0.88
0.27999997 0.39999998 -0.88
0.27999997 0.39999998 -0.72
0.27999997 0.39999998 0.79999995
0.27999997 0.44000006 -0.84000003
0.27999997 0.44000006 -0.72
0.27999997 0.44000006 0.84000003
0.27999997 0.48000002 -0.64
0.27999997 0.52 -0.64
0.27999997 0.55999994 -0.68
0.27999997 0.6 -0.64
0.27999997 0.64 -0.68
0.27999997 0.64 -0.52
0.27999997 0.64 0.6
0.27999997 0.67999995 -0.68
0.27999997 0.67999995 -0.39999998
0.27999997 0.67999995 0.67999995
0.27999997 0.72 -0.44
0.27999997 0.76 -0.44
0.27999997 0.76 -0.16000003
0.27999997 0.76 0.36
0.27999997 0.79999995 -0.48000002
0.27999997 0.79999995 -0.19999999
0.27999997 0.79999995 0.08000004
0.27999997 0.79999995 0.36
0.27999997 0.84000003 -0.48000002
0.27999997 0.84000003 -0.19999999
0.27999997 0.84000003 0.08000004
0.27999997 0.84000003 0.39999998
0.27999997 0.88 -0.16000003
0.27999997 0.88 0.08000004
0.27999997 0.91999996 -0.16000003
0.27999997 0.91999996 0.120000005
0.32000005 -0.92 -0.16000003
0.32000005 -0.92 0.120000005
0.32000005 -0.88 -0.19999999
0.32000005 -0.88 0.120000005
0.32000005 -0.84000003 -0.48000002
0.32000005 -0.84000003 -0.16000003
0.32000005 -0.84000003 0.08000004
0.32000005 -0.84000003 0.44000006
0.32000005 -0.8 -0.48000002
0.32000005 -0.8 -0.16000003
0.32000005 -0.8 0.39999998
0.32000005 -0.76 -0.48000002
0.32000005 -0.76 -0.39999998
0.32000005 -0.76 -0.27999997
0.32000005 -0.76 0.36
0.32000005 -0.76 0.48000002
0.32000005 -0.72 -0.39999998
0.32000005 -0.68 -0.52
0.32000005 -0.68 -0.44
0.32000005 -0.68 0.52
0.32000005 -0.64 -0.64
0.32000005 -0.64 -0.52
0.32000005 -0.64 0.6
0.32000005 -0.6 -0.64
0.32000005 -0.56 -0.6
0.32000005 -0.52 -0.64
0.32000005 -0.48000002 -0.64
0.32000005 -0.44 -0.6
0.32000005 -0.39999998 -0.64
0.32000005 -0.36 -0.88
0.32000005 -0.36 -0.72
0.32000005 -0.36 0.79999995
0.32000005 -0.32 -0.88
0.32000005 -0.27999997 -0.8
0.32000005 -0.24000001 -0.8
0.32000005 -0.19999999 -0.84000003
0.32000005 -0.16000003 -0.8
0.32000005 -0.120000005 -0.8
0.32000005 -0.07999998 -0.76
0.32000005 -0.04000002 -0.76
0.32000005 0.0 -0.8
0.32000005 0.03999996 -0.76
0.32000005 0.08000004 -0.76
0.32000005 0.120000005 -0.8
0.32000005 0.15999997 -0.8
0.32000005 0.20000005 -0.84000003
0.32000005 0.24000001 -0.8
0.32000005 0.27999997 -0.8
0.32000005 0.32000005 -0.88
0.32000005 0.36 -0.88
0.32000005 0.36 -0.72
0.32000005 0.36 0.79999995
0.32000005 0.39999998 -0.64
0.32000005 0.44000006 -0.6
0.32000005 0.48000002 -0.64
0.32000005 0.52 -0.64
0.32000005 0.55999994 -0.6
0.32000005 0.6 -0.64
0.32000005 0.64 -0.64
0.32000005 0.64 -0.52
0.32000005 0.64 0.6
0.32000005 0.67999995 -0.52
0.32000005 0.67999995 -0.44
0.32000005 0.67999995 0.52
0.32000005 0.72 -0.39999998
0.32000005 0.76 -0.48000002
0.32000005 0.76 -0.39999998
0.32000005 0.76 -0.27999997
0.32000005 0.76 0.36
0.32000005 0.76 0.48000002
0.32000005 0.79999995 -0.48000002
0.32000005 0.79999995 -0.16000003
0.32000005 0.79999995 0.39999998
0.32000005 0.84000003 -0.48000002
0.32000005 0.84000003 -0.16000003
0.32000005 0.84000003 0.08000004
0.32000005 0.84000003 0.44000006
0.32000005 0.88 -0.19999999
0.32000005 0.88 0.120000005
0.32000005 0.91999996 -0.16000003
0.32000005 0.91999996 0.120000005
0.36 -0.92 -0.16000003
0.36 -0.92 0.15999997
0.36 -0.88 -0.16000003
0.36 -0.88 0.120000005
0.36 -0.84000003 -0.120000005
0.36 -0.84000003 0.08000004
0.36 -0.8 -0.120000005
0.36 -0.76 -0.36
0.36 -0.76 -0.24000001
0.36 -0.76 0.32000005
0.36 -0.72 -0.36
0.36 -0.68 -0.64
0.36 -0.68 -0.39999998
0.36 -0.68 0.6
0.36 -0.64 -0.64
0.36 -0.64 -0.48000002
0.36 -0.64 0.55999994
0.36 -0.6 -0.64
0.36 -0.56 -0.6
0.36 -0.52 -0.68
0.36 -0.48000002 -0.68
0.36 -0.44 -0.6
0.36 -0.39999998 -0.6
0.36 -0.36 -0.84000003
0.36 -0.36 -0.72
0.36 -0.36 0.84000003
0.36 -0.32 -0.88
0.36 -0.27999997 -0.88
0.36 -0.24000001 -0.88
0.36 -0.19999999 -0.88
0.36 -0.16000003 -0.84000003
0.36 -0.120000005 -0.8
0.36 -0.07999998 -0.8
0.36 -0.04000002 -0.8
0.36 0.0 -0.8
0.36 0.03999996 -0.8
0.36 0.08000004 -0.8
0.36 0.120000005 -0.8
0.36 0.15999997 -0.84000003
0.36 0.20000005 -0.88
0.36 0.24000001 -0.88
0.36 0.27999997 -0.88
0.36 0.32000005 -0.88
0.36 0.36 -0.84000003
0.36 0.36 -0.72
0.36 0.36 0.84000003
0.36 0.39999998 -0.6
0.36 0.44000006 -0.6
0.36 0.48000002 -0.68
0.36 0.52 -0.68
0.36 0.55999994 -0.6
0.36 0.6 -0.64
0.36 0.64 -0.64
0.36 0.64 -0.48000002
0.36 0.64 0.55999994
0.36 0.67999995 -0.64
0.36 0.67999995 -0.39999998
0.36 0.67999995 0.6
0.36 0.72 -0.36
0.36 0.76 -0.36
0.36 0.76 -0.24000001
0.36 0.76 0.32000005
0.36 0.79999995 -0.120000005
0.36 0.84000003 -0.120000005
0.36 0.84000003 0.08000004
0.36 0.88 -0.16000003
0.36 0.88 0.120000005
0.36 0.91999996 -0.16000003
0.36 0.91999996 0.15999997
0.39999998 -0.8 -0.36
0.39999998 -0.8 0.0
0.39999998 -0.8 0.36
0.39999998 -0.76 -0.39999998
0.39999998 -0.76 -0.19999999
0.39999998 -0.76 -0.07999998
0.39999998 -0.76 0.15999997
0.39999998 -0.76 0.32000005
0.39999998 -0.72 -0.32
0.39999998 -0.68 -0.64
0.39999998 -0.68 -0.39999998
0.39999998 -0.68 0.64
0.39999998 -0.64 -0.64
0.39999998 -0.64 -0.48000002
0.39999998 -0.64 -0.39999998
0.39999998 -0.64 0.48000002
0.39999998 -0.64 0.6
0.39999998 -0.6 -0.64
0.39999998 -0.6 -0.52
0.39999998 -0.6 0.6
0.39999998 -0.56 -0.68
0.39999998 -0.52 -0.72
0.39999998 -0.48000002 -0.68
0.39999998 -0.44 -0.6
0.39999998 -0.39999998 -0.6
0.39999998 -0.36 -0.72
0.39999998 -0.36 -0.6
0.39999998 -0.36 0.67999995
0.39999998 -0.32 -0.88
0.39999998 -0.27999997 -0.88
0.39999998 -0.27999997 -0.72
0.39999998 -0.27999997 0.79999995
0.39999998 -0.24000001 -0.92
0.39999998 -0.19999999 -0.88
0.39999998 -0.16000003 -0.88
0.39999998 -0.120000005 -0.84000003
0.39999998 -0.07999998 -0.88
0.39999998 -0.04000002 -0.84000003
0.39999998 0.0 -0.8
0.39999998 0.03999996 -0.84000003
0.39999998 0.08000004 -0.88
0.39999998 0.120000005 -0.84000003
0.39999998 0.15999997 -0.88
0.39999998 0.20000005 -0.88
0.39999998 0.24000001 -0.92
0.39999998 0.27999997 -0.88
0.39999998 0.27999997 -0.72
0.39999998 0.27999997 0.79999995
0.39999998 0.32000005 -0.88
0.39999998 0.36 -0.72
0.39999998 0.36 -0.6
0.39999998 0.36 0.67999995
0.39999998 0.39999998 -0.6
0.39999998 0.44000006 -0.6
0.39999998 0.48000002 -0.68
0.39999998 0.52 -0.72
0.39999998 0.55999994 -0.68
0.39999998 0.6 -0.64
0.39999998 0.6 -0.52
0.39999998 0.6 0.6
0.39999998 0.64 -0.64
0.39999998 0.64 -0.48000002
0.39999998 0.64 -0.39999998
0.39999998 0.64 0.48000002
0.39999998 0.64 0.6
0.39999998 0.67999995 -0.64
0.39999998 0.67999995 -0.39999998
0.39999998 0.67999995 0.64
0.39999998 0.72 -0.32
0.39999998 0.76 -0.39999998
0.39999998 0.76 -0.19999999
0.39999998 0.76 -0.07999998
0.39999998 0.76 0.15999997
0.39999998 0.76 0.32000005
0.39999998 0.79999995 -0.36
0.39999998 0.79999995 0.0
0.39999998 0.79999995 0.36
0.44000006 -0.88 -0.04000002
0.44000006 -0.88 0.03999996
0.44000006 -0.84000003 -0.04000002
0.44000006 -0.8 -0.36
0.44000006 -0.8 -0.04000002
0.44000006 -0.8 0.32000005
0.44000006 -0.76 -0.36
0.44000006 -0.76 -0.19999999
0.44000006 -0.76 -0.07999998
0.44000006 -0.76 0.20000005
0.44000006 -0.76 0.27999997
0.44000006 -0.72 -0.36
0.44000006 -0.72 -0.120000005
0.44000006 -0.72 0.20000005
0.44000006 -0.68 -0.36
0.44000006 -0.64 -0.44
0.44000006 -0.6 -0.64
0.44000006 -0.6 -0.52
0.44000006 -0.6 -0.44
0.44000006 -0.6 0.52
0.44000006 -0.6 0.64
0.44000006 -0.56 -0.72
0.44000006 -0.56 -0.44
0.44000006 -0.56 0.64
0.44000006 -0.52 -0.72
0.44000006 -0.52 -0.44
0.44000006 -0.52 0.6
0.44000006 -0.48000002 -0.68
0.44000006 -0.44 -0.68
0.44000006 -0.39999998 -0.64
0.44000006 -0.36 -0.64
0.44000006 -0.32 -0.72
0.44000006 -0.32 -0.6
0.44000006 -0.32 0.72
0.44000006 -0.27999997 -0.64
0.44000006 -0.24000001 -0.68
0.44000006 -0.19999999 -0.88
0.44000006 -0.19999999 -0.72
0.44000006 -0.19999999 0.79999995
0.44000006 -0.16000003 -0.88
0.44000006 -0.120000005 -0.88
0.44000006 -0.07999998 -0.92
0.44000006 -0.07999998 -0.72
0.44000006 -0.07999998 0.79999995
0.44000006 -0.04000002 -0.88
0.44000006 0.0 -0.84000003
0.44000006 0.03999996 -0.88
0.44000006 0.08000004 -0.92
0.44000006 0.08000004 -0.72
0.44000006 0.08000004 0.79999995
0.44000006 0.120000005 -0.88
0.44000006 0.15999997 -0.88
0.44000006 0.20000005 -0.88
0.44000006 0.20000005 -0.72
0.44000006 0.20000005 0.79999995
0.44000006 0.24000001 -0.68
0.44000006 0.27999997 -0.64
0.44000006 0.32000005 -0.72
0.44000006 0.32000005 -0.6
0.44000006 0.32000005 0.72
0.44000006 0.36 -0.64
0.44000006 0.39999998 -0.64
0.44000006 0.44000006 -0.68
0.44000006 0.48000002 -0.68
0.44000006 0.52 -0.72
0.44000006 0.52 -0.44
0.44000006 0.52 0.6
0.44000006 0.55999994 -0.72
0.44000006 0.55999994 -0.44
0.44000006 0.55999994 0.64
0.44000006 0.6 -0.64
0.44000006 0.6 -0.52
0.44000006 0.6 -0.44
0.44000006 0.6 0.52
0.44000006 0.6 0.64
0.44000006 0.64 -0.44
0.44000006 0.67999995 -0.36
0.44000006 0.72 -0.36
0.44000006 0.72 -0.120000005
0.44000006 0.72 0.20000005
0.44000006 0.76 -0.36
0.44000006 0.76 -0.19999999
0.44000006 0.76 -0.07999998
0.44000006 0.76 0.20000005
0.44000006 0.76 0.27999997
0.44000006 0.79999995 -0.36
0.44000006 0.79999995 -0.04000002
0.44000006 0.79999995 0.32000005
0.44000006 0.84000003 -0.04000002
0.44000006 0.88 -0.04000002
0.44000006 0.88 0.03999996
0.48000002 -0.88 0.0
0.48000002 -0.84000003 -0.36
0.48000002 -0.84000003 -0.04000002
0.48000002 -0.84000003 0.32000005
0.48000002 -0.8 -0.36
0.48000002 -0.8 -0.04000002
0.48000002 -0.8 0.27999997
0.48000002 -0.76 -0.36
0.48000002 -0.76 0.27999997
0.48000002 -0.72 -0.36
0.48000002 -0.72 -0.16000003
0.48000002 -0.72 0.24000001
0.48000002 -0.68 -0.32
0.48000002 -0.64 -0.39999998
0.48000002 -0.6 -0.48000002
0.48000002 -0.56 -0.72
0.48000002 -0.56 -0.44
0.48000002 -0.56 0.67999995
0.48000002 -0.52 -0.72
0.48000002 -0.52 -0.48000002
0.48000002 -0.52 0.64
0.48000002 -0.48000002 -0.64
0.48000002 -0.44 -0.6
0.48000002 -0.39999998 -0.64
0.48000002 -0.36 -0.64
0.48000002 -0.32 -0.64
0.48000002 -0.27999997 -0.64
0.48000002 -0.24000001 -0.6
0.48000002 -0.19999999 -0.84000003
0.48000002 -0.19999999 -0.72
0.48000002 -0.19999999 0.84000003
0.48000002 -0.16000003 -0.88
0.48000002 -0.16000003 -0.72
0.48000002 -0.16000003 0.79999995
0.48000002 -0.120000005 -0.88
0.48000002 -0.120000005 -0.72
0.48000002 -0.120000005 0.84000003
0.48000002 -0.07999998 -0.88
0.48000002 -0.07999998 -0.8
0.48000002 -0.07999998 -0.64
0.48000002 -0.07999998 0.79999995
0.48000002 -0.07999998 0.88
0.48000002 -0.04000002 -0.88
0.48000002 -0.04000002 -0.72
0.48000002 -0.04000002 0.79999995
0.48000002 0.0 -0.88
0.48000002 0.0 -0.72
0.48000002 0.0 0.79999995
0.48000002 0.03999996 -0.88
0.48000002 0.03999996 -0.72
0.48000002 0.03999996 0.79999995
0.48000002 0.08000004 -0.88
0.48000002 0.08000004 -0.8
0.48000002 0.08000004 -0.64
0.48000002 0.08000004 0.79999995
0.48000002 0.08000004 0.88
0.48000002 0.120000005 -0.88
0.48000002 0.120000005 -0.72
0.48000002 0.120000005 0.84000003
0.48000002 0.15999997 -0.88
0.48000002 0.15999997 -0.72
0.48000002 0.15999997 0.79999995
0.48000002 0.20000005 -0.84000003
0.48000002 0.20000005 -0.72
0.48000002 0.20000005 0.84000003
0.48000002 0.24000001 -0.6
0.48000002 0.27999997 -0.64
0.48000002 0.32000005 -0.64
0.48000002 0.36 -0.64
0.48000002 0.39999998 -0.64
0.48000002 0.44000006 -0.6
0.48000002 0.48000002 -0.64
0.48000002 0.52 -0.72
0.48000002 0.52 -0.48000002
0.48000002 0.52 0.64
0.48000002 0.55999994 -0.72
0.48000002 0.55999994 -0.44
0.48000002 0.55999994 0.67999995
0.48000002 0.6 -0.48000002
0.48000002 0.64 -0.39999998
0.48000002 0.67999995 -0.32
0.48000002 0.72 -0.36
0.48000002 0.72 -0.16000003
0.48000002 0.72 0.24000001
0.48000002 0.76 -0.36
0.48000002 0.76 0.27999997
0.48000002 0.79999995 -0.36
0.48000002 0.79999995 -0.04000002
0.48000002 0.79999995 0.27999997
0.48000002 0.84000003 -0.36
0.48000002 0.84000003 -0.04000002
0.48000002 0.84000003 0.32000005
0.48000002 0.88 0.0
0.52 -0.88 0.0
0.52 -0.84000003 0.0
0.52 -0.8 -0.04000002
0.52 -0.72 -0.39999998
0.52 -0.72 -0.120000005
0.52 -0.72 -0.04000002
0.52 -0.72 0.120000005
0.52 -0.72 0.39999998
0.52 -0.68 -0.44
0.52 -0.68 -0.27999997
0.52 -0.68 -0.16000003
0.52 -0.68 0.27999997
0.52 -0.68 0.39999998
0.52 -0.64 -0.44
0.52 -0.64 -0.16000003
0.52 -0.64 0.36
0.52 -0.6 -0.48000002
0.52 -0.56 -0.39999998
0.52 -0.52 -0.64
0.52 -0.52 -0.52
0.52 -0.52 -0.44
0.52 -0.52 0.52
0.52 -0.52 0.64
0.52 -0.48000002 -0.68
0.52 -0.44 -0.64
0.52 -0.39999998 -0.6
0.52 -0.36 -0.68
0.52 -0.32 -0.64
0.52 -0.27999997 -0.64
0.52 -0.24000001 -0.64
0.52 -0.19999999 -0.64
0.52 -0.16000003 -0.72
0.52 -0.16000003 -0.64
0.52 -0.16000003 0.72
0.52 -0.120000005 -0.64
0.52 -0.07999998 -0.6
0.52 -0.04000002 -0.76
0.52 -0.04000002 -0.68
0.52 -0.04000002 0.76
0.52 0.0 -0.88
0.52 0.0 -0.72
0.52 0.0 0.79999995
0.52 0.03999996 -0.76
0.52 0.03999996 -0.68
0.52 0.03999996 0.76
0.52 0.08000004 -0.6
0.52 0.120000005 -0.64
0.52 0.15999997 -0.72
0.52 0.15999997 -0.64
0.52 0.15999997 0.72
0.52 0.20000005 -0.64
0.52 0.24000001 -0.64
0.52 0.27999997 -0.64
0.52 0.32000005 -0.64
0.52 0.36 -0.68
0.52 0.39999998 -0.6
0.52 0.44000006 -0.64
0.52 0.48000002 -0.68
0.52 0.52 -0.64
0.52 0.52 -0.52
0.52 0.52 -0.44
0.52 0.52 0.52
0.52 0.52 0.64
0.52 0.55999994 -0.39999998
0.52 0.6 -0.48000002
0.52 0.64 -0.44
0.52 0.64 -0.16000003
0.52 0.64 0.36
0.52 0.67999995 -0.44
0.52 0.67999995 -0.27999997
0.52 0.67999995 -0.16000003
0.52 0.67999995 0.27999997
0.52 0.67999995 0.39999998
0.52 0.72 -0.39999998
0.52 0.72 -0.120000005
0.52 0.72 -0.04000002
0.52 0.72 0.120000005
0.52 0.72 0.39999998
0.52 0.79999995 -0.04000002
0.52 0.84000003 0.0
0.52 0.88 0.0
0.55999994 -0.76 -0.120000005
0.55999994 -0.76 0.120000005
0.55999994 -0.72 -0.44
0.55999994 -0.72 -0.16000003
0.55999994 -0.72 0.08000004
0.55999994 -0.72 0.44000006
0.55999994 -0.68 -0.48000002
0.55999994 -0.68 -0.19999999
0.55999994 -0.68 0.08000004
0.55999994 -0.68 0.39999998
0.55999994 -0.64 -0.48000002
0.55999994 -0.64 -0.16000003
0.55999994 -0.64 0.39999998
0.55999994 -0.6 -0.48000002
0.55999994 -0.6 -0.27999997
0.55999994 -0.6 0.36
0.55999994 -0.56 -0.39999998
0.55999994 -0.52 -0.68
0.55999994 -0.52 -0.39999998
0.55999994 -0.52 0.64
0.55999994 -0.48000002 -0.64
0.55999994 -0.48000002 -0.48000002
0.55999994 -0.48000002 -0.39999998
0.55999994 -0.48000002 0.48000002
0.55999994 -0.48000002 0.55999994
0.55999994 -0.44 -0.64
0.55999994 -0.39999998 -0.64
0.55999994 -0.39999998 -0.52
0.55999994 -0.39999998 0.6
0.55999994 -0.36 -0.68
0.55999994 -0.32 -0.72
0.55999994 -0.27999997 -0.64
0.55999994 -0.24000001 -0.64
0.55999994 -0.19999999 -0.64
0.55999994 -0.16000003 -0.64
0.55999994 -0.120000005 -0.6
0.55999994 -0.07999998 -0.6
0.55999994 -0.04000002 -0.64
0.55999994 0.0 -0.64
0.55999994 0.03999996 -0.64
0.55999994 0.08000004 -0.6
0.55999994 0.120000005 -0.6
0.55999994 0.15999997 -0.64
0.55999994 0.20000005 -0.64
0.55999994 0.24000001 -0.64
0.55999994 0.27999997 -0.64
0.55999994 0.32000005 -0.72
0.55999994 0.36 -0.68
0.55999994 0.39999998 -0.64
0.55999994 0.39999998 -0.52
0.55999994 0.39999998 0.6
0.55999994 0.44000006 -0.64
0.55999994 0.48000002 -0.64
0.55999994 0.48000002 -0.48000002
0.55999994 0.48000002 -0.39999998
0.55999994 0.48000002 0.48000002
0.55999994 0.48000002 0.55999994
0.55999994 0.52 -0.68
0.55999994 0.52 -0.39999998
0.55999994 0.52 0.64
0.55999994 0.55999994 -0.39999998
0.55999994 0.6 -0.48000002
0.55999994 0.6 -0.27999997
0.55999994 0.6 0.36
0.55999994 0.64 -0.48000002
0.55999994 0.64 -0.16000003
0.55999994 0.64 0.39999998
0.55999994 0.67999995 -0.48000002
0.55999994 0.67999995 -0.19999999
0.55999994 0.67999995 0.08000004
0.55999994 0.67999995 0.39999998
0.55999994 0.72 -0.44
0.55999994 0.72 -0.16000003
0.55999994 0.72 0.08000004
0.55999994 0.72 0.44000006
0.55999994 0.76 -0.120000005
0.55999994 0.76 0.120000005
0.6 -0.76 -0.16000003
0.6 -0.76 0.120000005
0.6 -0.72 -0.19999999
0.6 -0.72 0.120000005
0.6 -0.68 -0.44
0.6 -0.68 -0.16000003
0.6 -0.68 0.120000005
0.6 -0.68 0.44000006
0.6 -0.64 -0.44
0.6 -0.64 -0.19999999
0.6 -0.64 -0.120000005
0.6 -0.64 0.20000005
0.6 -0.64 0.36
0.6 -0.6 -0.32
0.6 -0.6 -0.24000001
0.6 -0.6 -0.16000003
0.6 -0.6 0.24000001
0.6 -0.6 0.32000005
0.6 -0.56 -0.32
0.6 -0.52 -0.64
0.6 -0.52 -0.39999998
0.6 -0.52 0.64
0.6 -0.48000002 -0.64
0.6 -0.48000002 -0.36
0.6 -0.48000002 0.6
0.6 -0.44 -0.68
0.6 -0.44 -0.52
0.6 -0.44 -0.44
0.6 -0.44 0.52
0.6 -0.44 0.6
0.6 -0.39999998 -0.72
0.6 -0.39999998 -0.52
0.6 -0.39999998 0.6
0.6 -0.36 -0.72
0.6 -0.36 -0.44
0.6 -0.36 0.64
0.6 -0.32 -0.72
0.6 -0.32 -0.52
0.6 -0.32 0.6
0.6 -0.27999997 -0.64
0.6 -0.24000001 -0.6
0.6 -0.19999999 -0.64
0.6 -0.16000003 -0.68
0.6 -0.120000005 -0.64
0.6 -0.07999998 -0.64
0.6 -0.04000002 -0.64
0.6 0.0 -0.64
0.6 0.03999996 -0.64
0.6 0.08000004 -0.64
0.6 0.120000005 -0.64
0.6 0.15999997 -0.68
0.6 0.20000005 -0.64
0.6 0.24000001 -0.6
0.6 0.27999997 -0.64
0.6 0.32000005 -0.72
0.6 0.32000005 -0.52
0.6 0.32000005 0.6
0.6 0.36 -0.72
0.6 0.36 -0.44
0.6 0.36 0.64
0.6 0.39999998 -0.72
0.6 0.39999998 -0.52
0.6 0.39999998 0.6
0.6 0.44000006 -0.68
0.6 0.44000006 -0.52
0.6 0.44000006 -0.44
0.6 0.44000006 0.52
0.6 0.44000006 0.6
0.6 0.48000002 -0.64
0.6 0.48000002 -0.36
0.6 0.48000002 0.6
0.6 0.52 -0.64
0.6 0.52 -0.39999998
0.6 0.52 0.64
0.6 0.55999994 -0.32
0.6 0.6 -0.32
0.6 0.6 -0.24000001
0.6 0.6 -0.16000003
0.6 0.6 0.24000001
0.6 0.6 0.32000005
0.6 0.64 -0.44
0.6 0.64 -0.19999999
0.6 0.64 -0.120000005
0.6 0.64 0.20000005
0.6 0.64 0.36
0.6 0.67999995 -0.44
0.6 0.67999995 -0.16000003
0.6 0.67999995 0.120000005
0.6 0.67999995 0.44000006
0.6 0.72 -0.19999999
0.6 0.72 0.120000005
0.6 0.76 -0.16000003
0.6 0.76 0.120000005
0.64 -0.76 -0.16000003
0.64 -0.76 0.120000005
0.64 -0.72 -0.16000003
0.64 -0.72 0.120000005
0.64 -0.68 -0.120000005
0.64 -0.68 0.120000005
0.64 -0.64 -0.07999998
0.64 -0.64 0.0
0.64 -0.64 0.08000004
0.64 -0.6 -0.36
0.64 -0.6 -0.16000003
0.64 -0.6 -0.07999998
0.64 -0.6 0.15999997
0.64 -0.6 0.24000001
0.64 -0.56 -0.36
0.64 -0.56 -0.120000005
0.64 -0.56 0.20000005
0.64 -0.52 -0.32
0.64 -0.48000002 -0.36
0.64 -0.44 -0.44
0.64 -0.39999998 -0.39999998
0.64 -0.36 -0.72
0.64 -0.36 -0.44
0.64 -0.36 0.67999995
0.64 -0.32 -0.68
0.64 -0.32 -0.52
0.64 -0.32 0.64
0.64 -0.27999997 -0.64
0.64 -0.27999997 -0.52
0.64 -0.27999997 0.6
0.64 -0.24000001 -0.64
0.64 -0.19999999 -0.64
0.64 -0.16000003 -0.68
0.64 -0.120000005 -0.72
0.64 -0.07999998 -0.72
0.64 -0.04000002 -0.64
0.64 0.0 -0.64
0.64 0.03999996 -0.64
0.64 0.08000004 -0.72
0.64 0.120000005 -0.72
0.64 0.15999997 -0.68
0.64 0.20000005 -0.64
0.64 0.24000001 -0.64
0.64 0.27999997 -0.64
0.64 0.27999997 -0.52
0.64 0.27999997 0.6
0.64 0.32000005 -0.68
0.64 0.32000005 -0.52
0.64 0.32000005 0.64
0.64 0.36 -0.72
0.64 0.36 -0.44
0.64 0.36 0.67999995
0.64 0.39999998 -0.39999998
0.64 0.44000006 -0.44
0.64 0.48000002 -0.36
0.64 0.52 -0.32
0.64 0.55999994 -0.36
0.64 0.55999994 -0.120000005
0.64 0.55999994 0.20000005
0.64 0.6 -0.36
0.64 0.6 -0.16000003
0.64 0.6 -0.07999998
0.64 0.6 0.15999997
0.64 0.6 0.24000001
0.64 0.64 -0.07999998
0.64 0.64 0.0
0.64 0.64 0.08000004
0.64 0.67999995 -0.120000005
0.64 0.67999995 0.120000005
0.64 0.72 -0.16000003
0.64 0.72 0.120000005
0.64 0.76 -0.16000003
0.64 0.76 0.120000005
0.67999995 -0.64 -0.04000002
0.67999995 -0.6 -0.36
0.67999995 -0.6 -0.04000002
0.67999995 -0.6 0.27999997
0.67999995 -0.56 -0.36
0.67999995 -0.56 -0.19999999
0.67999995 -0.56 -0.120000005
0.67999995 -0.56 0.20000005
0.67999995 -0.56 0.27999997
0.67999995 -0.52 -0.39999998
0.67999995 -0.52 -0.16000003
0.67999995 -0.52 -0.07999998
0.67999995 -0.52 0.15999997
0.67999995 -0.52 0.32000005
0.67999995 -0.48000002 -0.36
0.67999995 -0.44 -0.44
0.67999995 -0.39999998 -0.48000002
0.67999995 -0.39999998 -0.24000001
0.67999995 -0.39999998 0.36
0.67999995 -0.36 -0.48000002
0.67999995 -0.32 -0.39999998
0.67999995 -0.27999997 -0.64
0.67999995 -0.27999997 -0.52
0.67999995 -0.27999997 -0.39999998
0.67999995 -0.27999997 0.48000002
0.67999995 -0.27999997 0.6
0.67999995 -0.24000001 -0.64
0.67999995 -0.19999999 -0.64
0.67999995 -0.19999999 -0.52
0.67999995 -0.19999999 0.6
0.67999995 -0.16000003 -0.68
0.67999995 -0.16000003 -0.52
0.67999995 -0.16000003 0.64
0.67999995 -0.120000005 -0.72
0.67999995 -0.120000005 -0.44
0.67999995 -0.120000005 0.6
0.67999995 -0.07999998 -0.68
0.67999995 -0.04000002 -0.64
0.67999995 0.0 -0.64
0.67999995 0.03999996 -0.64
0.67999995 0.08000004 -0.68
0.67999995 0.120000005 -0.72
0.67999995 0.120000005 -0.44
0.67999995 0.120000005 0.6
0.67999995 0.15999997 -0.68
0.67999995 0.15999997 -0.52
0.67999995 0.15999997 0.64
0.67999995 0.20000005 -0.64
0.67999995 0.20000005 -0.52
0.67999995 0.20000005 0.6
0.67999995 0.24000001 -0.64
0.67999995 0.27999997 -0.64
0.67999995 0.27999997 -0.52
0.67999995 0.27999997 -0.39999998
0.67999995 0.27999997 0.48000002
0.67999995 0.27999997 0.6
0.67999995 0.32000005 -0.39999998
0.67999995 0.36 -0.48000002
0.67999995 0.39999998 -0.48000002
0.67999995 0.39999998 -0.24000001
0.67999995 0.39999998 0.36
0.67999995 0.44000006 -0.44
0.67999995 0.48000002 -0.36
0.67999995 0.52 -0.39999998
0.67999995 0.52 -0.16000003
0.67999995 0.52 -0.07999998
0.67999995 0.52 0.15999997
0.67999995 0.52 0.32000005
0.67999995 0.55999994 -0.36
0.67999995 0.55999994 -0.19999999
0.67999995 0.55999994 -0.120000005
0.67999995 0.55999994 0.20000005
0.67999995 0.55999994 0.27999997
0.67999995 0.6 -0.36
0.67999995 0.6 -0.04000002
0.67999995 0.6 0.27999997
0.67999995 0.64 -0.04000002
0.72 -0.64 0.0
0.72 -0.6 -0.36
0.72 -0.6 -0.04000002
0.72 -0.6 0.32000005
0.72 -0.56 -0.36
0.72 -0.56 -0.04000002
0.72 -0.56 0.27999997
0.72 -0.52 -0.39999998
0.72 -0.52 -0.04000002
0.72 -0.52 0.39999998
0.72 -0.48000002 -0.44
0.72 -0.48000002 -0.27999997
0.72 -0.48000002 -0.120000005
0.72 -0.48000002 0.24000001
0.72 -0.48000002 0.39999998
0.72 -0.44 -0.48000002
0.72 -0.44 -0.19999999
0.72 -0.44 0.36
0.72 -0.39999998 -0.44
0.72 -0.39999998 -0.16000003
0.72 -0.39999998 0.36
0.72 -0.36 -0.39999998
0.72 -0.32 -0.39999998
0.72 -0.27999997 -0.64
0.72 -0.27999997 -0.39999998
0.72 -0.27999997 0.55999994
0.72 -0.24000001 -0.64
0.72 -0.24000001 -0.48000002
0.72 -0.24000001 -0.39999998
0.72 -0.24000001 0.48000002
0.72 -0.24000001 0.55999994
0.72 -0.19999999 -0.56
0.72 -0.19999999 -0.44
0.72 -0.19999999 0.52
0.72 -0.16000003 -0.68
0.72 -0.16000003 -0.39999998
0.72 -0.16000003 0.67999995
0.72 -0.120000005 -0.72
0.72 -0.120000005 -0.44
0.72 -0.120000005 0.64
0.72 -0.07999998 -0.68
0.72 -0.07999998 -0.52
0.72 -0.07999998 -0.44
0.72 -0.07999998 0.52
0.72 -0.07999998 0.6
0.72 -0.04000002 -0.64
0.72 -0.04000002 -0.52
0.72 -0.04000002 0.6
0.72 0.0 -0.64
0.72 0.03999996 -0.64
0.72 0.03999996 -0.52
0.72 0.03999996 0.6
0.72 0.08000004 -0.68
0.72 0.08000004 -0.52
0.72 0.08000004 -0.44
0.72 0.08000004 0.52
0.72 0.08000004 0.6
0.72 0.120000005 -0.72
0.72 0.120000005 -0.44
0.72 0.120000005 0.64
0.72 0.15999997 -0.68
0.72 0.15999997 -0.39999998
0.72 0.15999997 0.67999995
0.72 0.20000005 -0.56
0.72 0.20000005 -0.44
0.72 0.20000005 0.52
0.72 0.24000001 -0.64
0.72 0.24000001 -0.48000002
0.72 0.24000001 -0.39999998
0.72 0.24000001 0.48000002
0.72 0.24000001 0.55999994
0.72 0.27999997 -0.64
0.72 0.27999997 -0.39999998
0.72 0.27999997 0.55999994
0.72 0.32000005 -0.39999998
0.72 0.36 -0.39999998
0.72 0.39999998 -0.44
0.72 0.39999998 -0.16000003
0.72 0.39999998 0.36
0.72 0.44000006 -0.48000002
0.72 0.44000006 -0.19999999
0.72 0.44000006 0.36
0.72 0.48000002 -0.44
0.72 0.48000002 -0.27999997
0.72 0.48000002 -0.120000005
0.72 0.48000002 0.24000001
0.72 0.48000002 0.39999998
0.72 0.52 -0.39999998
0.72 0.52 -0.04000002
0.72 0.52 0.39999998
0.72 0.55999994 -0.36
0.72 0.55999994 -0.04000002
0.72 0.55999994 0.27999997
0.72 0.6 -0.36
0.72 0.6 -0.04000002
0.72 0.6 0.32000005
0.72 0.64 0.0
0.76 -0.64 -0.04000002
0.76 -0.6 -0.04000002
0.76 -0.52 -0.07999998
0.76 -0.52 0.08000004
0.76 -0.48000002 -0.44
0.76 -0.48000002 -0.19999999
0.76 -0.48000002 0.0
0.76 -0.48000002 0.08000004
0.76 -0.48000002 0.44000006
0.76 -0.44 -0.48000002
0.76 -0.44 -0.19999999
0.76 -0.44 0.08000004
0.76 -0.44 0.39999998
0.76 -0.39999998 -0.44
0.76 -0.39999998 -0.120000005
0.76 -0.39999998 0.39999998
0.76 -0.36 -0.36
0.76 -0.32 -0.32
0.76 -0.27999997 -0.39999998
0.76 -0.24000001 -0.36
0.76 -0.19999999 -0.39999998
0.76 -0.16000003 -0.44
0.76 -0.120000005 -0.48000002
0.76 -0.07999998 -0.39999998
0.76 -0.04000002 -0.68
0.76 -0.04000002 -0.39999998
0.76 -0.04000002 0.64
0.76 0.0 -0.64
0.76 0.0 -0.48000002
0.76 0.0 -0.39999998
0.76 0.0 0.48000002
0.76 0.0 0.6
0.76 0.03999996 -0.68
0.76 0.03999996 -0.39999998
0.76 0.03999996 0.64
0.76 0.08000004 -0.39999998
0.76 0.120000005 -0.48000002
0.76 0.15999997 -0.44
0.76 0.20000005 -0.39999998
0.76 0.24000001 -0.36
0.76 0.27999997 -0.39999998
0.76 0.32000005 -0.32
0.76 0.36 -0.36
0.76 0.39999998 -0.44
0.76 0.39999998 -0.120000005
0.76 0.39999998 0.39999998
0.76 0.44000006 -0.48000002
0.76 0.44000006 -0.19999999
0.76 0.44000006 0.08000004
0.76 0.44000006 0.39999998
0.76 0.48000002 -0.44
0.76 0.48000002 -0.19999999
0.76 0.48000002 0.0
0.76 0.48000002 0.08000004
0.76 0.48000002 0.44000006
0.76 0.52 -0.07999998
0.76 0.52 0.08000004
0.76 0.6 -0.04000002
0.76 0.64 -0.04000002
0.79999995 -0.52 -0.16000003
0.79999995 -0.52 0.15999997
0.79999995 -0.48000002 -0.16000003
0.79999995 -0.48000002 0.120000005
0.79999995 -0.44 -0.44
0.79999995 -0.44 -0.16000003
0.79999995 -0.44 0.08000004
0.79999995 -0.44 0.44000006
0.79999995 -0.39999998 -0.120000005
0.79999995 -0.39999998 -0.04000002
0.79999995 -0.39999998 0.120000005
0.79999995 -0.36 -0.16000003
0.79999995 -0.36 -0.07999998
0.79999995 -0.36 0.15999997
0.79999995 -0.32 -0.36
0.79999995 -0.32 -0.19999999
0.79999995 -0.32 0.32000005
0.79999995 -0.27999997 -0.36
0.79999995 -0.27999997 -0.120000005
0.79999995 -0.27999997 0.20000005
0.79999995 -0.24000001 -0.36
0.79999995 -0.19999999 -0.44
0.79999995 -0.19999999 -0.27999997
0.79999995 -0.19999999 0.36
0.79999995 -0.16000003 -0.44
0.79999995 -0.16000003 -0.27999997
0.79999995 -0.16000003 0.36
0.79999995 -0.120000005 -0.44
0.79999995 -0.07999998 -0.36
0.79999995 -0.04000002 -0.36
0.79999995 0.0 -0.39999998
0.79999995 0.03999996 -0.36
0.79999995 0.08000004 -0.36
0.79999995 0.120000005 -0.44
0.79999995 0.15999997 -0.44
0.79999995 0.15999997 -0.27999997
0.79999995 0.15999997 0.36
0.79999995 0.20000005 -0.44
0.79999995 0.20000005 -0.27999997
0.79999995 0.20000005 0.36
0.79999995 0.24000001 -0.36
0.79999995 0.27999997 -0.36
0.79999995 0.27999997 -0.120000005
0.79999995 0.27999997 0.20000005
0.79999995 0.32000005 -0.36
0.79999995 0.32000005 -0.19999999
0.79999995 0.32000005 0.32000005
0.79999995 0.36 -0.16000003
0.79999995 0.36 -0.07999998
0.79999995 0.36 0.15999997
0.79999995 0.39999998 -0.120000005
0.79999995 0.39999998 -0.04000002
0.79999995 0.39999998 0.120000005
0.79999995 0.44000006 -0.44
0.79999995 0.44000006 -0.16000003
0.79999995 0.44000006 0.08000004
0.79999995 0.44000006 0.44000006
0.79999995 0.48000002 -0.16000003
0.79999995 0.48000002 0.120000005
0.79999995 0.52 -0.16000003
0.79999995 0.52 0.15999997
0.84000003 -0.52 -0.16000003
0.84000003 -0.52 0.120000005
0.84000003 -0.48000002 -0.19999999
0.84000003 -0.48000002 0.120000005
0.84000003 -0.44 -0.16000003
0.84000003 -0.44 0.120000005
0.84000003 -0.36 -0.36
0.84000003 -0.36 0.32000005
0.84000003 -0.32 -0.36
0.84000003 -0.32 0.0
0.84000003 -0.32 0.27999997
0.84000003 -0.27999997 -0.36
0.84000003 -0.27999997 -0.07999998
0.84000003 -0.27999997 0.27999997
0.84000003 -0.24000001 -0.27999997
0.84000003 -0.24000001 -0.16000003
0.84000003 -0.24000001 -0.07999998
0.84000003 -0.24000001 0.15999997
0.84000003 -0.24000001 0.24000001
0.84000003 -0.19999999 -0.44
0.84000003 -0.19999999 -0.27999997
0.84000003 -0.19999999 -0.16000003
0.84000003 -0.19999999 0.24000001
0.84000003 -0.19999999 0.39999998
0.84000003 -0.16000003 -0.48000002
0.84000003 -0.16000003 -0.16000003
0.84000003 -0.16000003 0.08000004
0.84000003 -0.16000003 0.36
0.84000003 -0.120000005 -0.44
0.84000003 -0.120000005 -0.16000003
0.84000003 -0.120000005 0.39999998
0.84000003 -0.07999998 -0.36
0.84000003 -0.04000002 -0.39999998
0.84000003 0.0 -0.32
0.84000003 0.0 -0.120000005
0.84000003 0.0 0.20000005
0.84000003 0.03999996 -0.39999998
0.84000003 0.08000004 -0.36
0.84000003 0.120000005 -0.44
0.84000003 0.120000005 -0.16000003
0.84000003 0.120000005 0.39999998
0.84000003 0.15999997 -0.48000002
0.84000003 0.15999997 -0.16000003
0.84000003 0.15999997 0.08000004
0.84000003 0.15999997 0.36
0.84000003 0.20000005 -0.44
0.84000003 0.20000005 -0.27999997
0.84000003 0.20000005 -0.16000003
0.84000003 0.20000005 0.24000001
0.84000003 0.20000005 0.39999998
0.84000003 0.24000001 -0.27999997
0.84000003 0.24000001 -0.16000003
0.84000003 0.24000001 -0.07999998
0.84000003 0.24000001 0.15999997
0.84000003 0.24000001 0.24000001
0.84000003 0.27999997 -0.36
0.84000003 0.27999997 -0.07999998
0.84000003 0.27999997 0.27999997
0.84000003 0.32000005 -0.36
0.84000003 0.32000005 0.0
0.84000003 0.32000005 0.27999997
0.84000003 0.36 -0.36
0.84000003 0.36 0.32000005
0.84000003 0.44000006 -0.16000003
0.84000003 0.44000006 0.120000005
0.84000003 0.48000002 -0.19999999
0.84000003 0.48000002 0.120000005
0.84000003 0.52 -0.16000003
0.84000003 0.52 0.120000005
0.88 -0.48000002 -0.16000003
0.88 -0.48000002 0.15999997
0.88 -0.36 -0.36
0.88 -0.36 -0.07999998
0.88 -0.36 0.36
0.88 -0.32 -0.36
0.88 -0.32 -0.04000002
0.88 -0.32 0.32000005
0.88 -0.27999997 -0.36
0.88 -0.27999997 -0.04000002
0.88 -0.27999997 0.32000005
0.88 -0.19999999 -0.44
0.88 -0.19999999 -0.19999999
0.88 -0.19999999 0.44000006
0.88 -0.16000003 -0.48000002
0.88 -0.16000003 -0.16000003
0.88 -0.16000003 0.08000004
0.88 -0.16000003 0.44000006
0.88 -0.120000005 -0.44
0.88 -0.120000005 -0.16000003
0.88 -0.120000005 0.0
0.88 -0.120000005 0.120000005
0.88 -0.120000005 0.44000006
0.88 -0.07999998 -0.16000003
0.88 -0.07999998 -0.04000002
0.88 -0.07999998 0.120000005
0.88 -0.04000002 -0.36
0.88 -0.04000002 -0.07999998
0.88 -0.04000002 0.32000005
0.88 0.0 -0.36
0.88 0.0 -0.19999999
0.88 0.0 -0.120000005
0.88 0.0 0.20000005
0.88 0.0 0.27999997
0.88 0.03999996 -0.36
0.88 0.03999996 -0.07999998
0.88 0.03999996 0.32000005
0.88 0.08000004 -0.16000003
0.88 0.08000004 -0.04000002
0.88 0.08000004 0.120000005
0.88 0.120000005 -0.44
0.88 0.120000005 -0.16000003
0.88 0.120000005 0.0
0.88 0.120000005 0.120000005
0.88 0.120000005 0.44000006
0.88 0.15999997 -0.48000002
0.88 0.15999997 -0.16000003
0.88 0.15999997 0.08000004
0.88 0.15999997 0.44000006
0.88 0.20000005 -0.44
0.88 0.20000005 -0.19999999
0.88 0.20000005 0.44000006
0.88 0.27999997 -0.36
0.88 0.27999997 -0.04000002
0.88 0.27999997 0.32000005
0.88 0.32000005 -0.36
0.88 0.32000005 -0.04000002
0.88 0.32000005 0.32000005
0.88 0.36 -0.36
0.88 0.36 -0.07999998
0.88 0.36 0.36
0.88 0.48000002 -0.16000003
0.88 0.48000002 0.15999997
0.91999996 -0.36 -0.04000002
0.91999996 -0.32 -0.32
0.91999996 -0.32 -0.04000002
0.91999996 -0.32 0.32000005
0.91999996 -0.27999997 0.0
0.91999996 -0.19999999 -0.16000003
0.91999996 -0.19999999 0.120000005
0.91999996 -0.16000003 -0.16000003
0.91999996 -0.16000003 0.120000005
0.91999996 -0.120000005 -0.16000003
0.91999996 -0.120000005 0.08000004
0.91999996 -0.04000002 -0.36
0.91999996 -0.04000002 -0.04000002
0.91999996 -0.04000002 0.32000005
0.91999996 0.0 -0.36
0.91999996 0.0 -0.04000002
0.91999996 0.0 0.27999997
0.91999996 0.03999996 -0.36
0.91999996 0.03999996 -0.04000002
0.91999996 0.03999996 0.32000005
0.91999996 0.120000005 -0.16000003
0.91999996 0.120000005 0.08000004
0.91999996 0.15999997 -0.16000003
0.91999996 0.15999997 0.120000005
0.91999996 0.20000005 -0.16000003
0.91999996 0.20000005 0.120000005
0.91999996 0.27999997 0.0
0.91999996 0.32000005 -0.32
0.91999996 0.32000005 -0.04000002
0.91999996 0.32000005 0.32000005
0.91999996 0.36 -0.04000002
0.96000004 -0.36 0.0
0.96000004 -0.32 0.0
0.96000004 -0.19999999 -0.16000003
0.96000004 -0.19999999 0.120000005
0.96000004 -0.16000003 -0.16000003
0.96000004 -0.16000003 0.120000005
0.96000004 -0.120000005 -0.120000005
0.96000004 -0.120000005 0.120000005
0.96000004 -0.04000002 0.0
0.96000004 0.0 -0.36
0.96000004 0.0 -0.04000002
0.96000004 0.0 0.32000005
0.96000004 0.03999996 0.0
0.96000004 0.120000005 -0.120000005
0.96000004 0.120000005 0.120000005
0.96000004 0.15999997 -0.16000003
0.96000004 0.15999997 0.120000005
0.96000004 0.20000005 -0.16000003
0.96000004 0.20000005 0.120000005
0.96000004 0.32000005 0.0
0.96000004 0.36 0.0
